0 0
0.5 0
1 0
1.5 0
2 0
2.5 0
3 0
3.5 0
4 0.00178092
4.5 0.00328452
5 0.00746792
5.5 0.0152118
6 0.0256229
6.5 0.038191
7 0.0503215
7.5 0.0601442
8 0.0724123
8.5 0.0800332
9 0.0835351
9.5 0.0864809
10 0.0885518
10.5 0.0866533
11 0.0862702
11.5 0.0843812
12 0.0809133
12.5 0.0781417
13 0.0751176
13.5 0.071401
14 0.0683231
14.5 0.0649075
15 0.0613864
15.5 0.0577282
16 0.0541973
16.5 0.0507326
17 0.0586863
17.5 0.148921
18 0.0422512
18.5 0.0356745
19 0.0328707
19.5 0.047444
20 0.0298462
20.5 0.0177461
21 0.0154198
21.5 0.0128664
22 0.0107191
22.5 0.00748286
23 0.00458284
23.5 0.00169394
24 0.000604021
24.5 0
