0 0
0.5 0
1 0
1.5 0
2 0
2.5 0
3 0
3.5 0
4 0.00160524
4.5 0.0028279
5 0.00627749
5.5 0.0127439
6 0.021513
6.5 0.032478
7 0.0428473
7.5 0.0511042
8 0.062717
8.5 0.0697664
9 0.0729138
9.5 0.0759225
10 0.0782247
10.5 0.076862
11 0.0767386
11.5 0.0756144
12 0.0728996
12.5 0.0709942
13 0.0684695
13.5 0.0655414
14 0.0632165
14.5 0.0606151
15 0.0579225
15.5 0.0551239
16 0.0524099
16.5 0.0498354
17 0.0655119
17.5 0.211615
18 0.0448622
18.5 0.0375136
19 0.0355661
19.5 0.0612655
20 0.0370371
20.5 0.0213068
21 0.0196207
21.5 0.0176456
22 0.0157958
22.5 0.0136396
23 0.0113501
23.5 0.00938625
24 0.0081281
24.5 0.00607793
25 0.00373708
25.5 0.00201921
26 0.000737224
26.5 0
