0 0
0.5 0
1 0
1.5 0
2 0
2.5 0
3 0
3.5 0
4 0.00116318
4.5 0.00182225
5 0.00358134
5.5 0.00714229
6 0.0122348
6.5 0.0193339
7 0.0252702
7.5 0.029403
8 0.0392412
8.5 0.0446427
9 0.0468883
9.5 0.0494285
10 0.0522269
10.5 0.0519365
11 0.0524016
11.5 0.0527822
12 0.0515115
12.5 0.0512069
13 0.049608
13.5 0.0483569
14 0.0474614
14.5 0.0463196
15 0.0452944
15.5 0.0442075
16 0.0430795
16.5 0.0422771
17 0.0809271
17.5 0.395865
18 0.0459125
18.5 0.0348382
19 0.0342248
19.5 0.0929883
20 0.0495873
20.5 0.0217809
21 0.0207135
21.5 0.0201972
22 0.0193002
22.5 0.0185912
23 0.0178517
23.5 0.0167352
24 0.016178
24.5 0.0154922
25 0.0148723
25.5 0.0138188
26 0.0130371
26.5 0.0123129
27 0.0113215
27.5 0.0106073
28 0.00970453
28.5 0.00894636
29 0.00797804
29.5 0.00725378
30 0.00649047
30.5 0.00568716
31 0.0048956
31.5 0.00407206
32 0.00346627
32.5 0.00260951
33 0.00168532
33.5 0.000880099
34 0.00035574
34.5 0
