0 0
0.5 0
1 0
1.5 0
2 0
2.5 0
3 0
3.5 0
4 0.00108881
4.5 0.00167276
5 0.00319612
5.5 0.00636557
6 0.0109541
6.5 0.0174621
7 0.0226841
7.5 0.0261349
8 0.0357007
8.5 0.0407385
9 0.0429321
9.5 0.0452731
10 0.0481614
10.5 0.0479661
11 0.0486615
11.5 0.0491322
12 0.0480726
12.5 0.0478993
13 0.046531
13.5 0.0454958
14 0.0447756
14.5 0.0437568
15 0.0429168
15.5 0.0420565
16 0.0411238
16.5 0.0405818
17 0.0830866
17.5 0.42583
18 0.0454839
18.5 0.0337175
19 0.03333
19.5 0.0977728
20 0.0508949
20.5 0.0209668
21 0.0200064
21.5 0.0196391
22 0.0189141
22.5 0.018316
23 0.0177231
23.5 0.0167443
24 0.0163319
24.5 0.0158403
25 0.0153122
25.5 0.0144052
26 0.0137223
26.5 0.0131313
27 0.0120846
27.5 0.011679
28 0.0108703
28.5 0.0102638
29 0.00940202
29.5 0.0087849
30 0.00808874
30.5 0.00750225
31 0.00689948
31.5 0.0061142
32 0.00555514
32.5 0.00462818
33 0.00411975
33.5 0.00349823
34 0.00284837
34.5 0.00241193
35 0.00157106
35.5 0.000831574
36 0.000343479
36.5 0
