0 0
0.5 0
1 0
1.5 0
2 0
2.5 0
3 0
3.5 0
4 0.000965609
4.5 0.00143652
5 0.00262537
5.5 0.0052597
6 0.00913435
6.5 0.0147342
7 0.0188204
7.5 0.0211812
8 0.0303616
8.5 0.0346847
9 0.0369585
9.5 0.0388605
10 0.041924
10.5 0.0417867
11 0.0430923
11.5 0.0435061
12 0.0428098
12.5 0.0427119
13 0.0418976
13.5 0.0411567
14 0.040688
14.5 0.0397565
15 0.0391279
15.5 0.0386087
16 0.0379511
16.5 0.0378482
17 0.0863011
17.5 0.470732
18 0.0446015
18.5 0.0318173
19 0.0319268
19.5 0.105372
20 0.0525928
20.5 0.0193699
21 0.018734
21.5 0.0184562
22 0.0180075
22.5 0.0175579
23 0.0170197
23.5 0.0164736
24 0.0161861
24.5 0.0157011
25 0.0152104
25.5 0.0145663
26 0.0140555
26.5 0.0136171
27 0.0127636
27.5 0.0125453
28 0.011917
28.5 0.0115008
29 0.0108064
29.5 0.0103153
30 0.00977211
30.5 0.00931506
31 0.00883074
31.5 0.00826857
32 0.00776105
32.5 0.00721596
33 0.00684583
33.5 0.00628122
34 0.00586962
34.5 0.00557772
35 0.00507115
35.5 0.004472
36 0.00391534
36.5 0.0034342
37 0.00307309
37.5 0.00246766
38 0.00206865
38.5 0.00158575
39 0.00120949
39.5 0.000616191
40 0.000313138
40.5 0
