 0.00000    0.00000
 0.50000 20860.00000
 1.00000 3158.00000
 1.50000 1155.00000
 2.00000 1503.00000
 2.50000  859.90000
 3.00000  513.10000
 3.50000  335.50000
 4.00000  233.10000
 4.50000  167.90000
 5.00000  124.70000
 5.50000   95.08000
 6.00000   74.16000
 6.50000   58.93000
 7.00000   47.59000
 7.50000   38.97000
 8.00000   32.31000
 8.50000   27.08000
 9.00000   22.91000
 9.50000   19.56000
10.00000   16.84000
10.50000   14.59000
11.00000   12.74000
11.50000   11.18000
12.00000    9.87100
12.50000    8.75900
13.00000    7.81100
13.50000    6.99600
14.00000    6.29200
14.50000    5.68100
15.00000    5.14900
15.50000    4.68300
16.00000    4.27200
16.50000    3.91000
17.00000    3.58900
17.50000    3.30400
18.00000    3.05000
18.50000    2.82200
19.00000    2.61700
19.50000    2.43300
20.00000    2.26700
20.50000    2.11700
21.00000    1.98100
21.50000    1.85700
22.00000    1.74500
22.50000    1.64200
23.00000    1.54800
23.50000    1.46100
24.00000    1.38200
24.50000    1.30900
25.00000    1.24200
25.50000    1.18000
26.00000    1.12300
26.50000    1.07000
27.00000    1.02100
27.50000    0.97500
28.00000    0.93260
28.50000    0.89310
29.00000    0.85630
29.50000    0.82190
30.00000    0.78980
30.50000    0.75970
31.00000    0.73160
31.50000    0.70520
32.00000    0.68050
32.50000    0.65720
33.00000    0.63530
33.50000    0.61470
34.00000    0.59530
34.50000    0.57700
35.00000    0.55980
35.50000    0.54350
36.00000    0.52800
36.50000    0.51340
37.00000    0.49960
37.50000    0.48650
38.00000    0.47410
38.50000    0.46230
39.00000    0.45100
39.50000    0.44040
40.00000    0.43020
40.50000    0.42060
41.00000    0.41140
41.50000    0.40260
42.00000    0.39430
42.50000    0.38630
43.00000    0.37870
43.50000    0.37140
44.00000    0.36440
44.50000    0.35780
45.00000    0.35140
45.50000    0.34530
46.00000    0.33940
46.50000    0.33380
47.00000    0.32840
47.50000    0.32330
48.00000    0.31830
48.50000    0.31350
49.00000    0.30890
49.50000    0.30450
50.00000    0.30030
50.50000    0.29620
51.00000    0.29230
51.50000    0.28850
52.00000    0.28480
52.50000    0.28130
53.00000    0.27790
53.50000    0.27460
54.00000    0.27140
54.50000    0.26840
55.00000    0.26540
55.50000    0.26260
56.00000    0.25980
56.50000    0.25710
57.00000    0.25450
57.50000    0.25200
58.00000    0.24960
58.50000    0.24720
59.00000    0.24500
59.50000    0.24270
60.00000    0.24060
60.50000    0.23850
61.00000    0.23650
61.50000    0.23450
62.00000    0.23260
62.50000    0.23080
63.00000    0.22900
63.50000    0.22720
64.00000    0.22550
64.50000    0.22390
65.00000    0.22230
65.50000    0.22070
66.00000    0.21920
66.50000    0.21770
67.00000    0.21630
67.50000    0.21480
68.00000    0.21350
68.50000    0.21210
69.00000    0.21080
69.50000    0.20960
70.00000    0.20830
70.50000    0.20710
71.00000    0.20590
71.50000    0.20470
72.00000    0.20360
72.50000    0.20250
73.00000    0.20140
73.50000    0.20040
74.00000    0.19930
74.50000    0.19830
75.00000    0.19730
75.50000    0.19640
76.00000    0.19540
76.50000    0.19450
77.00000    0.19360
77.50000    0.19270
78.00000    0.19180
78.50000    0.19100
79.00000    0.19010
79.50000    0.18930
80.00000    0.18850
80.50000    0.18770
81.00000    0.18700
81.50000    0.18620
82.00000    0.18550
82.50000    0.18470
83.00000    0.18400
83.50000    0.18330
84.00000    0.18260
84.50000    0.18190
85.00000    0.18130
85.50000    0.18060
86.00000    0.18000
86.50000    0.17930
87.00000    0.17870
87.50000    0.17810
88.00000    0.17750
88.50000    0.17690
89.00000    0.17630
89.50000    0.17580
90.00000    0.17520
90.50000    0.17460
91.00000    0.17410
91.50000    0.17360
92.00000    0.17300
92.50000    0.17250
93.00000    0.17200
93.50000    0.17150
94.00000    0.17100
94.50000    0.17050
95.00000    0.17000
95.50000    0.16950
96.00000    0.16910
96.50000    0.16860
97.00000    0.16810
97.50000    0.16770
98.00000    0.16720
98.50000    0.16680
99.00000    0.16640
99.50000    0.16590
100.00000    0.16550
100.50000    0.16510
101.00000    0.16470
101.50000    0.16430
102.00000    0.16390
102.50000    0.16350
103.00000    0.16310
103.50000    0.16270
104.00000    0.16230
104.50000    0.16190
105.00000    0.16160
105.50000    0.16120
106.00000    0.16080
106.50000    0.16050
107.00000    0.16010
107.50000    0.15980
108.00000    0.15940
108.50000    0.15910
109.00000    0.15870
109.50000    0.15840
110.00000    0.15800
110.50000    0.15770
111.00000    0.15740
111.50000    0.15710
112.00000    0.15670
112.50000    0.15640
113.00000    0.15610
113.50000    0.15580
114.00000    0.15550
114.50000    0.15520
115.00000    0.15490
115.50000    0.15460
116.00000    0.15430
116.50000    0.15400
117.00000    0.15370
117.50000    0.15340
118.00000    0.15310
118.50000    0.15290
119.00000    0.15260
119.50000    0.15230
120.00000    0.15200
120.50000    0.15180
121.00000    0.15150
121.50000    0.15120
122.00000    0.15100
122.50000    0.15070
123.00000    0.15040
123.50000    0.15020
124.00000    0.14990
124.50000    0.14970
125.00000    0.14940
125.50000    0.14920
126.00000    0.14890
126.50000    0.14870
127.00000    0.14840
127.50000    0.14820
128.00000    0.14790
128.50000    0.14770
129.00000    0.14750
129.50000    0.14720
130.00000    0.14700
130.50000    0.14680
131.00000    0.14650
131.50000    0.14630
132.00000    0.14610
132.50000    0.14590
133.00000    0.14560
133.50000    0.14540
134.00000    0.14520
134.50000    0.14500
135.00000    0.14480
135.50000    0.14450
136.00000    0.14430
136.50000    0.14410
137.00000    0.14390
137.50000    0.14370
138.00000    0.14350
138.50000    0.14330
139.00000    0.14310
139.50000    0.14290
140.00000    0.14270
140.50000    0.14250
141.00000    0.14230
141.50000    0.14210
142.00000    0.14190
142.50000    0.14170
143.00000    0.14150
143.50000    0.14130
144.00000    0.14110
144.50000    0.14090
145.00000    0.14070
145.50000    0.14050
146.00000    0.14030
146.50000    0.14010
147.00000    0.14000
147.50000    0.13980
148.00000    0.13960
148.50000    0.13940
149.00000    0.13920
149.50000    0.13900
150.00000    0.13890
150.50000    0.13870
151.00000    0.13850
151.50000    0.13830
152.00000    0.13820
152.50000    0.13800
153.00000    0.13780
153.50000    0.13760
154.00000    0.13750
154.50000    0.13730
155.00000    0.13710
155.50000    0.13700
156.00000    0.13680
156.50000    0.13660
157.00000    0.13650
157.50000    0.13630
158.00000    0.13610
158.50000    0.13600
159.00000    0.13580
159.50000    0.13560
160.00000    0.13550
160.50000    0.13530
161.00000    0.13520
161.50000    0.13500
162.00000    0.13480
162.50000    0.13470
163.00000    0.13450
163.50000    0.13440
164.00000    0.13420
164.50000    0.13410
165.00000    0.13390
165.50000    0.13370
166.00000    0.13360
166.50000    0.13340
167.00000    0.13330
167.50000    0.13310
168.00000    0.13300
168.50000    0.13280
169.00000    0.13270
169.50000    0.13260
170.00000    0.13240
170.50000    0.13230
171.00000    0.13210
171.50000    0.13200
172.00000    0.13180
172.50000    0.13170
173.00000    0.13150
173.50000    0.13140
174.00000    0.13130
174.50000    0.13110
175.00000    0.13100
175.50000    0.13080
176.00000    0.13070
176.50000    0.13060
177.00000    0.13040
177.50000    0.13030
178.00000    0.13010
178.50000    0.13000
179.00000    0.12990
179.50000    0.12970
180.00000    0.12960
180.50000    0.12950
181.00000    0.12930
181.50000    0.12920
182.00000    0.12910
182.50000    0.12890
183.00000    0.12880
183.50000    0.12870
184.00000    0.12850
184.50000    0.12840
185.00000    0.12830
185.50000    0.12810
186.00000    0.12800
186.50000    0.12790
187.00000    0.12780
187.50000    0.12760
188.00000    0.12750
188.50000    0.12740
189.00000    0.12730
189.50000    0.12710
190.00000    0.12700
190.50000    0.12690
191.00000    0.12680
191.50000    0.12660
192.00000    0.12650
192.50000    0.12640
193.00000    0.12630
193.50000    0.12620
194.00000    0.12600
194.50000    0.12590
195.00000    0.12580
195.50000    0.12570
196.00000    0.12550
196.50000    0.12540
197.00000    0.12530
197.50000    0.12520
198.00000    0.12510
198.50000    0.12500
199.00000    0.12480
199.50000    0.12470
200.00000    0.12460
200.50000    0.12450
201.00000    0.12440
201.50000    0.12430
202.00000    0.12420
202.50000    0.12400
203.00000    0.12390
203.50000    0.12380
204.00000    0.12370
204.50000    0.12360
205.00000    0.12350
205.50000    0.12340
206.00000    0.12320
206.50000    0.12310
207.00000    0.12300
207.50000    0.12290
208.00000    0.12280
208.50000    0.12270
209.00000    0.12260
209.50000    0.12250
210.00000    0.12240
210.50000    0.12230
211.00000    0.12220
211.50000    0.12200
212.00000    0.12190
212.50000    0.12180
213.00000    0.12170
213.50000    0.12160
214.00000    0.12150
214.50000    0.12140
215.00000    0.12130
215.50000    0.12120
216.00000    0.12110
216.50000    0.12100
217.00000    0.12090
217.50000    0.12080
218.00000    0.12070
218.50000    0.12060
219.00000    0.12050
219.50000    0.12040
220.00000    0.12030
220.50000    0.12020
221.00000    0.12010
221.50000    0.12000
222.00000    0.11990
222.50000    0.11980
223.00000    0.11970
223.50000    0.11960
224.00000    0.11950
224.50000    0.11940
225.00000    0.11930
225.50000    0.11920
226.00000    0.11910
226.50000    0.11900
227.00000    0.11890
227.50000    0.11880
228.00000    0.11870
228.50000    0.11860
229.00000    0.11850
229.50000    0.11840
230.00000    0.11830
230.50000    0.11820
231.00000    0.11810
231.50000    0.11800
232.00000    0.11790
232.50000    0.11780
233.00000    0.11770
233.50000    0.11760
234.00000    0.11750
234.50000    0.11740
235.00000    0.11730
235.50000    0.11720
236.00000    0.11720
236.50000    0.11710
237.00000    0.11700
237.50000    0.11690
238.00000    0.11680
238.50000    0.11670
239.00000    0.11660
239.50000    0.11650
240.00000    0.11640
240.50000    0.11630
241.00000    0.11620
241.50000    0.11610
242.00000    0.11610
242.50000    0.11600
243.00000    0.11590
243.50000    0.11580
244.00000    0.11570
244.50000    0.11560
245.00000    0.11550
245.50000    0.11540
246.00000    0.11530
246.50000    0.11530
247.00000    0.11520
247.50000    0.11510
248.00000    0.11500
248.50000    0.11490
249.00000    0.11480
249.50000    0.11470
250.00000    0.11460
