0 0
0.5 0
1 0
1.5 0
2 0
2.5 0
3 0
3.5 0
4 0.00134706
4.5 0.00221594
5 0.00463432
5.5 0.00931606
6 0.0158267
6.5 0.0244823
7 0.0322436
7.5 0.0381013
8 0.0486706
8.5 0.0548305
9 0.0573882
9.5 0.0602535
10 0.0628479
10.5 0.062189
11 0.0623303
11.5 0.0622241
12 0.060411
12.5 0.0595772
13 0.0575732
13.5 0.0556924
14 0.0542831
14.5 0.0526621
15 0.0510392
15.5 0.0493173
16 0.0476146
16.5 0.0461382
17 0.0749195
17.5 0.31747
18 0.0463228
18.5 0.0369954
19 0.035895
19.5 0.0803729
20 0.0453368
20.5 0.0228721
21 0.0216296
21.5 0.0205673
22 0.0192489
22.5 0.01813
23 0.0168171
23.5 0.0154767
24 0.014515
24.5 0.0131297
25 0.0120445
25.5 0.0106695
26 0.00966055
26.5 0.00846536
27 0.0072069
27.5 0.00605026
28 0.00496529
28.5 0.00370445
29 0.00245345
29.5 0.00135672
30 0.000513995
30.5 0
