0 0
0.5 0
1 0
1.5 0
2 0
2.5 0
3 0
3.5 0
4 0.00124853
4.5 0.00200055
5 0.00405383
5.5 0.00811164
6 0.0138352
6.5 0.0216424
7 0.028417
7.5 0.0333456
8 0.0435174
8.5 0.0492915
9 0.0516576
9.5 0.0543761
10 0.0570788
10.5 0.0566377
11 0.0569207
11.5 0.0571144
12 0.0555986
12.5 0.0550806
13 0.0532744
13.5 0.0517467
14 0.0506275
14.5 0.0492916
15 0.0480113
15.5 0.0466437
16 0.0452653
16.5 0.0441583
17 0.0782633
17.5 0.360006
18 0.0462408
18.5 0.0359825
19 0.0351403
19.5 0.0872929
20 0.0478074
20.5 0.0224794
21 0.0213266
21.5 0.020581
22 0.0194866
22.5 0.0186157
23 0.0176386
23.5 0.0164142
24 0.015667
24.5 0.0146722
25 0.01388
25.5 0.0126699
26 0.0117796
26.5 0.0108629
27 0.00987729
27.5 0.0088434
28 0.00784685
28.5 0.00687885
29 0.00578291
29.5 0.00490551
30 0.00408953
30.5 0.00290276
31 0.00178071
31.5 0.00100668
32 0.000332101
32.5 0
