0 0
0.5 0
1 0
1.5 0
2 0
2.5 0
3 0
3.5 0
4 0.00102337
4.5 0.00154558
5 0.0028814
5.5 0.00574643
6 0.00993464
6.5 0.0159475
7 0.020558
7.5 0.0234226
8 0.0327702
8.5 0.037449
9 0.0396537
9.5 0.0417803
10 0.044756
10.5 0.0446093
11 0.0455852
11.5 0.0460631
12 0.0451924
12.5 0.0450841
13 0.0439766
13.5 0.0431085
14 0.0425278
14.5 0.0415756
15 0.0408644
15.5 0.0401902
16 0.0394112
16.5 0.0390994
17 0.0848433
17.5 0.450537
18 0.0450277
18.5 0.0326943
19 0.0325452
19.5 0.101842
20 0.051861
20.5 0.020141
21 0.0193225
21.5 0.0190321
22 0.0184558
22.5 0.0179396
23 0.017411
23.5 0.0166195
24 0.0162979
24.5 0.0158737
25 0.0153829
25.5 0.0146124
26 0.0140195
26.5 0.0135198
27 0.0124961
27.5 0.0122754
28 0.0115587
28.5 0.0110625
29 0.0102909
29.5 0.00974847
30 0.00912716
30.5 0.00864431
31 0.00813396
31.5 0.00744277
32 0.00691504
32.5 0.00611489
33 0.00576357
33.5 0.00520993
34 0.00461861
34.5 0.00421746
35 0.00370074
35.5 0.00303091
36 0.00242014
36.5 0.00191677
37 0.00143434
37.5 0.000779297
38 0.000363531
38.5 0
