# Fo85 generated from XCOM using data below
#
# Constituents (Atomic Number:Fraction by Weight)
#     8:0.42621  12:0.27517  14:0.18704  26:0.11157
 0.00000    0.00000
 0.50000 21940.00000
 1.00000 3517.00000
 1.50000 2241.00000
 2.00000 1529.00000
 2.50000  858.50000
 3.00000  518.90000
 3.50000  339.40000
 4.00000  234.90000
 4.50000  168.90000
 5.00000  125.40000
 5.50000   95.62000
 6.00000   74.57000
 6.50000   59.26000
 7.00000   47.86000
 7.50000   74.06000
 8.00000   62.32000
 8.50000   52.86000
 9.00000   45.18000
 9.50000   38.89000
10.00000   33.71000
10.50000   29.42000
11.00000   25.84000
11.50000   22.82000
12.00000   20.26000
12.50000   18.07000
13.00000   16.19000
13.50000   14.56000
14.00000   13.15000
14.50000   11.92000
15.00000   10.83000
15.50000    9.88000
16.00000    9.03600
16.50000    8.28600
17.00000    7.61900
17.50000    7.02300
18.00000    6.48800
18.50000    6.00800
19.00000    5.57500
19.50000    5.18400
20.00000    4.82900
20.50000    4.50800
21.00000    4.21500
21.50000    3.94800
22.00000    3.70400
22.50000    3.48000
23.00000    3.27500
23.50000    3.08700
24.00000    2.91300
24.50000    2.75300
25.00000    2.60500
25.50000    2.46800
26.00000    2.34200
26.50000    2.22400
27.00000    2.11500
27.50000    2.01300
28.00000    1.91800
28.50000    1.83000
29.00000    1.74700
29.50000    1.67000
30.00000    1.59800
30.50000    1.53000
31.00000    1.46700
31.50000    1.40700
32.00000    1.35100
32.50000    1.29900
33.00000    1.24900
33.50000    1.20200
34.00000    1.15800
34.50000    1.11600
35.00000    1.07700
35.50000    1.04000
36.00000    1.00500
36.50000    0.97120
37.00000    0.93950
37.50000    0.90950
38.00000    0.88100
38.50000    0.85400
39.00000    0.82830
39.50000    0.80380
40.00000    0.78050
40.50000    0.75830
41.00000    0.73720
41.50000    0.71710
42.00000    0.69780
42.50000    0.67950
43.00000    0.66190
43.50000    0.64520
44.00000    0.62920
44.50000    0.61390
45.00000    0.59920
45.50000    0.58510
46.00000    0.57170
46.50000    0.55880
47.00000    0.54640
47.50000    0.53450
48.00000    0.52310
48.50000    0.51220
49.00000    0.50170
49.50000    0.49160
50.00000    0.48190
50.50000    0.47250
51.00000    0.46350
51.50000    0.45490
52.00000    0.44650
52.50000    0.43850
53.00000    0.43070
53.50000    0.42330
54.00000    0.41610
54.50000    0.40910
55.00000    0.40240
55.50000    0.39590
56.00000    0.38970
56.50000    0.38360
57.00000    0.37770
57.50000    0.37210
58.00000    0.36660
58.50000    0.36130
59.00000    0.35620
59.50000    0.35120
60.00000    0.34640
60.50000    0.34180
61.00000    0.33720
61.50000    0.33290
62.00000    0.32860
62.50000    0.32450
63.00000    0.32050
63.50000    0.31660
64.00000    0.31290
64.50000    0.30920
65.00000    0.30570
65.50000    0.30220
66.00000    0.29890
66.50000    0.29560
67.00000    0.29240
67.50000    0.28930
68.00000    0.28630
68.50000    0.28340
69.00000    0.28060
69.50000    0.27780
70.00000    0.27510
70.50000    0.27250
71.00000    0.27000
71.50000    0.26750
72.00000    0.26500
72.50000    0.26270
73.00000    0.26040
73.50000    0.25810
74.00000    0.25590
74.50000    0.25380
75.00000    0.25170
75.50000    0.24970
76.00000    0.24770
76.50000    0.24570
77.00000    0.24380
77.50000    0.24200
78.00000    0.24020
78.50000    0.23840
79.00000    0.23670
79.50000    0.23500
80.00000    0.23330
80.50000    0.23170
81.00000    0.23010
81.50000    0.22860
82.00000    0.22700
82.50000    0.22560
83.00000    0.22410
83.50000    0.22270
84.00000    0.22130
84.50000    0.21990
85.00000    0.21860
85.50000    0.21730
86.00000    0.21600
86.50000    0.21470
87.00000    0.21350
87.50000    0.21230
88.00000    0.21110
88.50000    0.21000
89.00000    0.20880
89.50000    0.20770
90.00000    0.20660
90.50000    0.20550
91.00000    0.20450
91.50000    0.20340
92.00000    0.20240
92.50000    0.20140
93.00000    0.20040
93.50000    0.19950
94.00000    0.19850
94.50000    0.19760
95.00000    0.19670
95.50000    0.19580
96.00000    0.19490
96.50000    0.19400
97.00000    0.19320
97.50000    0.19230
98.00000    0.19150
98.50000    0.19070
99.00000    0.18990
99.50000    0.18910
100.00000    0.18830
100.50000    0.18760
101.00000    0.18680
101.50000    0.18610
102.00000    0.18540
102.50000    0.18460
103.00000    0.18390
103.50000    0.18320
104.00000    0.18260
104.50000    0.18190
105.00000    0.18120
105.50000    0.18060
106.00000    0.17990
106.50000    0.17930
107.00000    0.17870
107.50000    0.17810
108.00000    0.17740
108.50000    0.17680
109.00000    0.17630
109.50000    0.17570
110.00000    0.17510
110.50000    0.17450
111.00000    0.17400
111.50000    0.17340
112.00000    0.17290
112.50000    0.17230
113.00000    0.17180
113.50000    0.17130
114.00000    0.17080
114.50000    0.17030
115.00000    0.16980
115.50000    0.16930
116.00000    0.16880
116.50000    0.16830
117.00000    0.16780
117.50000    0.16740
118.00000    0.16690
118.50000    0.16640
119.00000    0.16600
119.50000    0.16550
120.00000    0.16510
120.50000    0.16460
121.00000    0.16420
121.50000    0.16380
122.00000    0.16340
122.50000    0.16290
123.00000    0.16250
123.50000    0.16210
124.00000    0.16170
124.50000    0.16130
125.00000    0.16090
125.50000    0.16050
126.00000    0.16010
126.50000    0.15970
127.00000    0.15940
127.50000    0.15900
128.00000    0.15860
128.50000    0.15830
129.00000    0.15790
129.50000    0.15750
130.00000    0.15720
130.50000    0.15680
131.00000    0.15650
131.50000    0.15610
132.00000    0.15580
132.50000    0.15540
133.00000    0.15510
133.50000    0.15480
134.00000    0.15450
134.50000    0.15410
135.00000    0.15380
135.50000    0.15350
136.00000    0.15320
136.50000    0.15290
137.00000    0.15250
137.50000    0.15220
138.00000    0.15190
138.50000    0.15160
139.00000    0.15130
139.50000    0.15100
140.00000    0.15070
140.50000    0.15040
141.00000    0.15020
141.50000    0.14990
142.00000    0.14960
142.50000    0.14930
143.00000    0.14900
143.50000    0.14880
144.00000    0.14850
144.50000    0.14820
145.00000    0.14790
145.50000    0.14770
146.00000    0.14740
146.50000    0.14710
147.00000    0.14690
147.50000    0.14660
148.00000    0.14640
148.50000    0.14610
149.00000    0.14590
149.50000    0.14560
150.00000    0.14540
150.50000    0.14510
151.00000    0.14490
151.50000    0.14460
152.00000    0.14440
152.50000    0.14410
153.00000    0.14390
153.50000    0.14370
154.00000    0.14340
154.50000    0.14320
155.00000    0.14300
155.50000    0.14270
156.00000    0.14250
156.50000    0.14230
157.00000    0.14210
157.50000    0.14180
158.00000    0.14160
158.50000    0.14140
159.00000    0.14120
159.50000    0.14100
160.00000    0.14080
160.50000    0.14050
161.00000    0.14030
161.50000    0.14010
162.00000    0.13990
162.50000    0.13970
163.00000    0.13950
163.50000    0.13930
164.00000    0.13910
164.50000    0.13890
165.00000    0.13870
165.50000    0.13850
166.00000    0.13830
166.50000    0.13810
167.00000    0.13790
167.50000    0.13770
168.00000    0.13750
168.50000    0.13730
169.00000    0.13710
169.50000    0.13690
170.00000    0.13670
170.50000    0.13660
171.00000    0.13640
171.50000    0.13620
172.00000    0.13600
172.50000    0.13580
173.00000    0.13560
173.50000    0.13550
174.00000    0.13530
174.50000    0.13510
175.00000    0.13490
175.50000    0.13470
176.00000    0.13460
176.50000    0.13440
177.00000    0.13420
177.50000    0.13400
178.00000    0.13390
178.50000    0.13370
179.00000    0.13350
179.50000    0.13340
180.00000    0.13320
180.50000    0.13300
181.00000    0.13290
181.50000    0.13270
182.00000    0.13250
182.50000    0.13240
183.00000    0.13220
183.50000    0.13200
184.00000    0.13190
184.50000    0.13170
185.00000    0.13160
185.50000    0.13140
186.00000    0.13120
186.50000    0.13110
187.00000    0.13090
187.50000    0.13080
188.00000    0.13060
188.50000    0.13050
189.00000    0.13030
189.50000    0.13020
190.00000    0.13000
190.50000    0.12990
191.00000    0.12970
191.50000    0.12960
192.00000    0.12940
192.50000    0.12930
193.00000    0.12910
193.50000    0.12900
194.00000    0.12880
194.50000    0.12870
195.00000    0.12850
195.50000    0.12840
196.00000    0.12820
196.50000    0.12810
197.00000    0.12800
197.50000    0.12780
198.00000    0.12770
198.50000    0.12750
199.00000    0.12740
199.50000    0.12730
200.00000    0.12710
200.50000    0.12700
201.00000    0.12680
201.50000    0.12670
202.00000    0.12660
202.50000    0.12640
203.00000    0.12630
203.50000    0.12620
204.00000    0.12600
204.50000    0.12590
205.00000    0.12580
205.50000    0.12560
206.00000    0.12550
206.50000    0.12540
207.00000    0.12530
207.50000    0.12510
208.00000    0.12500
208.50000    0.12490
209.00000    0.12470
209.50000    0.12460
210.00000    0.12450
210.50000    0.12440
211.00000    0.12420
211.50000    0.12410
212.00000    0.12400
212.50000    0.12390
213.00000    0.12370
213.50000    0.12360
214.00000    0.12350
214.50000    0.12340
215.00000    0.12320
215.50000    0.12310
216.00000    0.12300
216.50000    0.12290
217.00000    0.12280
217.50000    0.12260
218.00000    0.12250
218.50000    0.12240
219.00000    0.12230
219.50000    0.12220
220.00000    0.12210
220.50000    0.12190
221.00000    0.12180
221.50000    0.12170
222.00000    0.12160
222.50000    0.12150
223.00000    0.12140
223.50000    0.12120
224.00000    0.12110
224.50000    0.12100
225.00000    0.12090
225.50000    0.12080
226.00000    0.12070
226.50000    0.12060
227.00000    0.12050
227.50000    0.12030
228.00000    0.12020
228.50000    0.12010
229.00000    0.12000
229.50000    0.11990
230.00000    0.11980
230.50000    0.11970
231.00000    0.11960
231.50000    0.11950
232.00000    0.11940
232.50000    0.11930
233.00000    0.11920
233.50000    0.11900
234.00000    0.11890
234.50000    0.11880
235.00000    0.11870
235.50000    0.11860
236.00000    0.11850
236.50000    0.11840
237.00000    0.11830
237.50000    0.11820
238.00000    0.11810
238.50000    0.11800
239.00000    0.11790
239.50000    0.11780
240.00000    0.11770
240.50000    0.11760
241.00000    0.11750
241.50000    0.11740
242.00000    0.11730
242.50000    0.11720
243.00000    0.11710
243.50000    0.11700
244.00000    0.11690
244.50000    0.11680
245.00000    0.11670
245.50000    0.11660
246.00000    0.11650
246.50000    0.11640
247.00000    0.11630
247.50000    0.11620
248.00000    0.11610
248.50000    0.11600
249.00000    0.11590
249.50000    0.11580
250.00000    0.11570
