        perspex                                                                 
 
        Constituents (Atomic Number:Fraction by Weight)
           1:0.08054   6:0.59985   8:0.31961
 
        Partial Interaction Coefficients and Total Attenuation Coefficients
 
         PHOTON       SCATTERING       PHOTO-     PAIR PRODUCTION    TOTAL ATTENUATION
         ENERGY   COHERENT  INCOHER.  ELECTRIC     IN        IN        WITH    WITHOUT
                                     ABSORPTION  NUCLEAR  ELECTRON   COHERENT  COHERENT
                                                  FIELD     FIELD     SCATT.    SCATT.
          (MeV)    (cm2/g)   (cm2/g)   (cm2/g)   (cm2/g)   (cm2/g)   (cm2/g)   (cm2/g)
 
        1.000E-07 +Infinity +Infinity +Infinity 0.000E+00 0.000E+00 +Infinity +Infinity
        5.000E-04 1.457E+00 4.698E-03 1.953E+04 0.000E+00 0.000E+00 1.953E+04 1.953E+04
        1.000E-03 1.155E+00 1.435E-02 2.792E+03 0.000E+00 0.000E+00 2.794E+03 2.792E+03
        1.500E-03 1.044E+00 2.863E-02 9.143E+02 0.000E+00 0.000E+00 9.153E+02 9.143E+02
        2.000E-03 9.226E-01 4.418E-02 4.027E+02 0.000E+00 0.000E+00 4.037E+02 4.028E+02
        2.500E-03 8.055E-01 5.927E-02 2.104E+02 0.000E+00 0.000E+00 2.112E+02 2.104E+02
        3.000E-03 7.012E-01 7.309E-02 1.228E+02 0.000E+00 0.000E+00 1.236E+02 1.229E+02
        3.500E-03 6.112E-01 8.530E-02 7.752E+01 0.000E+00 0.000E+00 7.821E+01 7.760E+01
        4.000E-03 5.355E-01 9.586E-02 5.184E+01 0.000E+00 0.000E+00 5.247E+01 5.194E+01
        4.500E-03 4.722E-01 1.049E-01 3.626E+01 0.000E+00 0.000E+00 3.684E+01 3.636E+01
        5.000E-03 4.196E-01 1.126E-01 2.628E+01 0.000E+00 0.000E+00 2.681E+01 2.639E+01
        5.500E-03 3.758E-01 1.191E-01 1.961E+01 0.000E+00 0.000E+00 2.010E+01 1.973E+01
        6.000E-03 3.390E-01 1.248E-01 1.499E+01 0.000E+00 0.000E+00 1.545E+01 1.511E+01
        6.500E-03 3.079E-01 1.296E-01 1.169E+01 0.000E+00 0.000E+00 1.213E+01 1.182E+01
        7.000E-03 2.814E-01 1.339E-01 9.284E+00 0.000E+00 0.000E+00 9.699E+00 9.418E+00
        7.500E-03 2.586E-01 1.376E-01 7.484E+00 0.000E+00 0.000E+00 7.880E+00 7.622E+00
        8.000E-03 2.389E-01 1.410E-01 6.114E+00 0.000E+00 0.000E+00 6.494E+00 6.255E+00
        8.500E-03 2.217E-01 1.439E-01 5.053E+00 0.000E+00 0.000E+00 5.419E+00 5.197E+00
        9.000E-03 2.065E-01 1.466E-01 4.221E+00 0.000E+00 0.000E+00 4.574E+00 4.367E+00
        9.500E-03 1.931E-01 1.491E-01 3.558E+00 0.000E+00 0.000E+00 3.900E+00 3.707E+00
        1.000E-02 1.812E-01 1.513E-01 3.025E+00 0.000E+00 0.000E+00 3.357E+00 3.176E+00
        1.050E-02 1.704E-01 1.534E-01 2.591E+00 0.000E+00 0.000E+00 2.915E+00 2.744E+00
        1.100E-02 1.607E-01 1.553E-01 2.235E+00 0.000E+00 0.000E+00 2.551E+00 2.390E+00
        1.150E-02 1.519E-01 1.570E-01 1.940E+00 0.000E+00 0.000E+00 2.249E+00 2.097E+00
        1.200E-02 1.439E-01 1.587E-01 1.693E+00 0.000E+00 0.000E+00 1.996E+00 1.852E+00
        1.250E-02 1.365E-01 1.602E-01 1.486E+00 0.000E+00 0.000E+00 1.783E+00 1.646E+00
        1.300E-02 1.297E-01 1.616E-01 1.311E+00 0.000E+00 0.000E+00 1.602E+00 1.473E+00
        1.350E-02 1.234E-01 1.629E-01 1.162E+00 0.000E+00 0.000E+00 1.448E+00 1.324E+00
        1.400E-02 1.176E-01 1.642E-01 1.034E+00 0.000E+00 0.000E+00 1.315E+00 1.198E+00
        1.450E-02 1.122E-01 1.653E-01 9.233E-01 0.000E+00 0.000E+00 1.201E+00 1.089E+00
        1.500E-02 1.071E-01 1.664E-01 8.278E-01 0.000E+00 0.000E+00 1.101E+00 9.943E-01
        1.550E-02 1.024E-01 1.674E-01 7.448E-01 0.000E+00 0.000E+00 1.015E+00 9.123E-01
        1.600E-02 9.802E-02 1.684E-01 6.723E-01 0.000E+00 0.000E+00 9.387E-01 8.407E-01
        1.650E-02 9.389E-02 1.693E-01 6.087E-01 0.000E+00 0.000E+00 8.719E-01 7.780E-01
        1.700E-02 9.001E-02 1.701E-01 5.527E-01 0.000E+00 0.000E+00 8.129E-01 7.228E-01
        1.750E-02 8.637E-02 1.709E-01 5.032E-01 0.000E+00 0.000E+00 7.605E-01 6.741E-01
        1.800E-02 8.293E-02 1.716E-01 4.594E-01 0.000E+00 0.000E+00 7.139E-01 6.310E-01
        1.850E-02 7.969E-02 1.723E-01 4.203E-01 0.000E+00 0.000E+00 6.723E-01 5.926E-01
        1.900E-02 7.663E-02 1.730E-01 3.855E-01 0.000E+00 0.000E+00 6.351E-01 5.584E-01
        1.950E-02 7.374E-02 1.736E-01 3.543E-01 0.000E+00 0.000E+00 6.016E-01 5.279E-01
        2.000E-02 7.100E-02 1.741E-01 3.263E-01 0.000E+00 0.000E+00 5.714E-01 5.004E-01
        2.050E-02 6.840E-02 1.746E-01 3.011E-01 0.000E+00 0.000E+00 5.442E-01 4.758E-01
        2.100E-02 6.594E-02 1.751E-01 2.784E-01 0.000E+00 0.000E+00 5.195E-01 4.535E-01
        2.150E-02 6.361E-02 1.756E-01 2.579E-01 0.000E+00 0.000E+00 4.971E-01 4.334E-01
 
        perspex                                                                 
 
        Constituents (Atomic Number:Fraction by Weight)
           1:0.08054   6:0.59985   8:0.31961
 
        Partial Interaction Coefficients and Total Attenuation Coefficients
 
         PHOTON       SCATTERING       PHOTO-     PAIR PRODUCTION    TOTAL ATTENUATION
         ENERGY   COHERENT  INCOHER.  ELECTRIC     IN        IN        WITH    WITHOUT
                                     ABSORPTION  NUCLEAR  ELECTRON   COHERENT  COHERENT
                                                  FIELD     FIELD     SCATT.    SCATT.
          (MeV)    (cm2/g)   (cm2/g)   (cm2/g)   (cm2/g)   (cm2/g)   (cm2/g)   (cm2/g)
 
        2.200E-02 6.139E-02 1.760E-01 2.393E-01 0.000E+00 0.000E+00 4.766E-01 4.152E-01
        2.250E-02 5.929E-02 1.764E-01 2.223E-01 0.000E+00 0.000E+00 4.580E-01 3.987E-01
        2.300E-02 5.728E-02 1.767E-01 2.070E-01 0.000E+00 0.000E+00 4.410E-01 3.837E-01
        2.350E-02 5.538E-02 1.770E-01 1.929E-01 0.000E+00 0.000E+00 4.253E-01 3.700E-01
        2.400E-02 5.356E-02 1.773E-01 1.801E-01 0.000E+00 0.000E+00 4.110E-01 3.574E-01
        2.450E-02 5.183E-02 1.776E-01 1.684E-01 0.000E+00 0.000E+00 3.978E-01 3.460E-01
        2.500E-02 5.018E-02 1.779E-01 1.576E-01 0.000E+00 0.000E+00 3.856E-01 3.355E-01
        2.550E-02 4.860E-02 1.781E-01 1.477E-01 0.000E+00 0.000E+00 3.744E-01 3.258E-01
        2.600E-02 4.710E-02 1.783E-01 1.386E-01 0.000E+00 0.000E+00 3.640E-01 3.169E-01
        2.650E-02 4.566E-02 1.785E-01 1.302E-01 0.000E+00 0.000E+00 3.544E-01 3.087E-01
        2.700E-02 4.429E-02 1.787E-01 1.225E-01 0.000E+00 0.000E+00 3.454E-01 3.011E-01
        2.750E-02 4.298E-02 1.788E-01 1.153E-01 0.000E+00 0.000E+00 3.371E-01 2.941E-01
        2.800E-02 4.172E-02 1.789E-01 1.087E-01 0.000E+00 0.000E+00 3.294E-01 2.877E-01
        2.850E-02 4.052E-02 1.791E-01 1.026E-01 0.000E+00 0.000E+00 3.222E-01 2.816E-01
        2.900E-02 3.936E-02 1.792E-01 9.689E-02 0.000E+00 0.000E+00 3.154E-01 2.760E-01
        2.950E-02 3.826E-02 1.792E-01 9.160E-02 0.000E+00 0.000E+00 3.091E-01 2.708E-01
        3.000E-02 3.720E-02 1.793E-01 8.668E-02 0.000E+00 0.000E+00 3.032E-01 2.660E-01
        3.050E-02 3.618E-02 1.794E-01 8.210E-02 0.000E+00 0.000E+00 2.977E-01 2.615E-01
        3.100E-02 3.520E-02 1.794E-01 7.783E-02 0.000E+00 0.000E+00 2.925E-01 2.573E-01
        3.150E-02 3.426E-02 1.795E-01 7.384E-02 0.000E+00 0.000E+00 2.876E-01 2.533E-01
        3.200E-02 3.336E-02 1.795E-01 7.011E-02 0.000E+00 0.000E+00 2.830E-01 2.496E-01
        3.250E-02 3.249E-02 1.795E-01 6.662E-02 0.000E+00 0.000E+00 2.786E-01 2.461E-01
        3.300E-02 3.166E-02 1.795E-01 6.336E-02 0.000E+00 0.000E+00 2.745E-01 2.429E-01
        3.350E-02 3.086E-02 1.795E-01 6.030E-02 0.000E+00 0.000E+00 2.707E-01 2.398E-01
        3.400E-02 3.008E-02 1.795E-01 5.742E-02 0.000E+00 0.000E+00 2.670E-01 2.369E-01
        3.450E-02 2.934E-02 1.795E-01 5.473E-02 0.000E+00 0.000E+00 2.635E-01 2.342E-01
        3.500E-02 2.862E-02 1.794E-01 5.219E-02 0.000E+00 0.000E+00 2.602E-01 2.316E-01
        3.550E-02 2.793E-02 1.794E-01 4.981E-02 0.000E+00 0.000E+00 2.571E-01 2.292E-01
        3.600E-02 2.726E-02 1.793E-01 4.757E-02 0.000E+00 0.000E+00 2.542E-01 2.269E-01
        3.650E-02 2.662E-02 1.793E-01 4.545E-02 0.000E+00 0.000E+00 2.514E-01 2.247E-01
        3.700E-02 2.599E-02 1.792E-01 4.346E-02 0.000E+00 0.000E+00 2.487E-01 2.227E-01
        3.750E-02 2.539E-02 1.792E-01 4.157E-02 0.000E+00 0.000E+00 2.461E-01 2.207E-01
        3.800E-02 2.481E-02 1.791E-01 3.980E-02 0.000E+00 0.000E+00 2.437E-01 2.189E-01
        3.850E-02 2.425E-02 1.790E-01 3.811E-02 0.000E+00 0.000E+00 2.414E-01 2.171E-01
        3.900E-02 2.371E-02 1.789E-01 3.653E-02 0.000E+00 0.000E+00 2.392E-01 2.155E-01
        3.950E-02 2.319E-02 1.788E-01 3.502E-02 0.000E+00 0.000E+00 2.371E-01 2.139E-01
        4.000E-02 2.268E-02 1.788E-01 3.360E-02 0.000E+00 0.000E+00 2.350E-01 2.123E-01
        4.050E-02 2.219E-02 1.787E-01 3.225E-02 0.000E+00 0.000E+00 2.331E-01 2.109E-01
        4.100E-02 2.172E-02 1.785E-01 3.096E-02 0.000E+00 0.000E+00 2.312E-01 2.095E-01
        4.150E-02 2.126E-02 1.784E-01 2.975E-02 0.000E+00 0.000E+00 2.294E-01 2.082E-01
        4.200E-02 2.081E-02 1.783E-01 2.859E-02 0.000E+00 0.000E+00 2.277E-01 2.069E-01
        4.250E-02 2.038E-02 1.782E-01 2.750E-02 0.000E+00 0.000E+00 2.261E-01 2.057E-01
        4.300E-02 1.996E-02 1.781E-01 2.645E-02 0.000E+00 0.000E+00 2.245E-01 2.045E-01
        4.350E-02 1.955E-02 1.780E-01 2.546E-02 0.000E+00 0.000E+00 2.230E-01 2.034E-01
 
        perspex                                                                 
 
        Constituents (Atomic Number:Fraction by Weight)
           1:0.08054   6:0.59985   8:0.31961
 
        Partial Interaction Coefficients and Total Attenuation Coefficients
 
         PHOTON       SCATTERING       PHOTO-     PAIR PRODUCTION    TOTAL ATTENUATION
         ENERGY   COHERENT  INCOHER.  ELECTRIC     IN        IN        WITH    WITHOUT
                                     ABSORPTION  NUCLEAR  ELECTRON   COHERENT  COHERENT
                                                  FIELD     FIELD     SCATT.    SCATT.
          (MeV)    (cm2/g)   (cm2/g)   (cm2/g)   (cm2/g)   (cm2/g)   (cm2/g)   (cm2/g)
 
        4.400E-02 1.916E-02 1.778E-01 2.452E-02 0.000E+00 0.000E+00 2.215E-01 2.024E-01
        4.450E-02 1.878E-02 1.777E-01 2.362E-02 0.000E+00 0.000E+00 2.201E-01 2.013E-01
        4.500E-02 1.841E-02 1.776E-01 2.276E-02 0.000E+00 0.000E+00 2.188E-01 2.003E-01
        4.550E-02 1.805E-02 1.774E-01 2.194E-02 0.000E+00 0.000E+00 2.174E-01 1.994E-01
        4.600E-02 1.770E-02 1.773E-01 2.117E-02 0.000E+00 0.000E+00 2.162E-01 1.985E-01
        4.650E-02 1.736E-02 1.772E-01 2.042E-02 0.000E+00 0.000E+00 2.149E-01 1.976E-01
        4.700E-02 1.703E-02 1.770E-01 1.971E-02 0.000E+00 0.000E+00 2.138E-01 1.967E-01
        4.750E-02 1.671E-02 1.769E-01 1.903E-02 0.000E+00 0.000E+00 2.126E-01 1.959E-01
        4.800E-02 1.640E-02 1.767E-01 1.838E-02 0.000E+00 0.000E+00 2.115E-01 1.951E-01
        4.850E-02 1.610E-02 1.766E-01 1.776E-02 0.000E+00 0.000E+00 2.104E-01 1.943E-01
        4.900E-02 1.580E-02 1.764E-01 1.717E-02 0.000E+00 0.000E+00 2.094E-01 1.936E-01
        4.950E-02 1.551E-02 1.763E-01 1.660E-02 0.000E+00 0.000E+00 2.084E-01 1.929E-01
        5.000E-02 1.523E-02 1.761E-01 1.606E-02 0.000E+00 0.000E+00 2.074E-01 1.922E-01
        5.050E-02 1.496E-02 1.759E-01 1.554E-02 0.000E+00 0.000E+00 2.064E-01 1.915E-01
        5.100E-02 1.470E-02 1.758E-01 1.504E-02 0.000E+00 0.000E+00 2.055E-01 1.908E-01
        5.150E-02 1.444E-02 1.756E-01 1.456E-02 0.000E+00 0.000E+00 2.046E-01 1.902E-01
        5.200E-02 1.419E-02 1.755E-01 1.410E-02 0.000E+00 0.000E+00 2.038E-01 1.896E-01
        5.250E-02 1.395E-02 1.753E-01 1.366E-02 0.000E+00 0.000E+00 2.029E-01 1.890E-01
        5.300E-02 1.371E-02 1.751E-01 1.324E-02 0.000E+00 0.000E+00 2.021E-01 1.884E-01
        5.350E-02 1.348E-02 1.750E-01 1.283E-02 0.000E+00 0.000E+00 2.013E-01 1.878E-01
        5.400E-02 1.325E-02 1.748E-01 1.244E-02 0.000E+00 0.000E+00 2.005E-01 1.872E-01
        5.450E-02 1.303E-02 1.746E-01 1.207E-02 0.000E+00 0.000E+00 1.997E-01 1.867E-01
        5.500E-02 1.281E-02 1.745E-01 1.171E-02 0.000E+00 0.000E+00 1.990E-01 1.862E-01
        5.550E-02 1.260E-02 1.743E-01 1.136E-02 0.000E+00 0.000E+00 1.982E-01 1.856E-01
        5.600E-02 1.240E-02 1.741E-01 1.103E-02 0.000E+00 0.000E+00 1.975E-01 1.851E-01
        5.650E-02 1.220E-02 1.739E-01 1.071E-02 0.000E+00 0.000E+00 1.968E-01 1.846E-01
        5.700E-02 1.200E-02 1.738E-01 1.040E-02 0.000E+00 0.000E+00 1.962E-01 1.842E-01
        5.750E-02 1.181E-02 1.736E-01 1.010E-02 0.000E+00 0.000E+00 1.955E-01 1.837E-01
        5.800E-02 1.163E-02 1.734E-01 9.818E-03 0.000E+00 0.000E+00 1.948E-01 1.832E-01
        5.850E-02 1.144E-02 1.732E-01 9.542E-03 0.000E+00 0.000E+00 1.942E-01 1.828E-01
        5.900E-02 1.127E-02 1.730E-01 9.277E-03 0.000E+00 0.000E+00 1.936E-01 1.823E-01
        5.950E-02 1.109E-02 1.729E-01 9.020E-03 0.000E+00 0.000E+00 1.930E-01 1.819E-01
        6.000E-02 1.092E-02 1.727E-01 8.773E-03 0.000E+00 0.000E+00 1.924E-01 1.815E-01
        6.050E-02 1.076E-02 1.725E-01 8.535E-03 0.000E+00 0.000E+00 1.918E-01 1.810E-01
        6.100E-02 1.059E-02 1.723E-01 8.305E-03 0.000E+00 0.000E+00 1.912E-01 1.806E-01
        6.150E-02 1.044E-02 1.721E-01 8.083E-03 0.000E+00 0.000E+00 1.907E-01 1.802E-01
        6.200E-02 1.028E-02 1.720E-01 7.869E-03 0.000E+00 0.000E+00 1.901E-01 1.798E-01
        6.250E-02 1.013E-02 1.718E-01 7.662E-03 0.000E+00 0.000E+00 1.896E-01 1.794E-01
        6.300E-02 9.981E-03 1.716E-01 7.462E-03 0.000E+00 0.000E+00 1.890E-01 1.791E-01
        6.350E-02 9.836E-03 1.714E-01 7.269E-03 0.000E+00 0.000E+00 1.885E-01 1.787E-01
        6.400E-02 9.694E-03 1.712E-01 7.082E-03 0.000E+00 0.000E+00 1.880E-01 1.783E-01
        6.450E-02 9.555E-03 1.711E-01 6.902E-03 0.000E+00 0.000E+00 1.875E-01 1.780E-01
        6.500E-02 9.419E-03 1.709E-01 6.727E-03 0.000E+00 0.000E+00 1.870E-01 1.776E-01
        6.550E-02 9.286E-03 1.707E-01 6.558E-03 0.000E+00 0.000E+00 1.865E-01 1.772E-01
 
        perspex                                                                 
 
        Constituents (Atomic Number:Fraction by Weight)
           1:0.08054   6:0.59985   8:0.31961
 
        Partial Interaction Coefficients and Total Attenuation Coefficients
 
         PHOTON       SCATTERING       PHOTO-     PAIR PRODUCTION    TOTAL ATTENUATION
         ENERGY   COHERENT  INCOHER.  ELECTRIC     IN        IN        WITH    WITHOUT
                                     ABSORPTION  NUCLEAR  ELECTRON   COHERENT  COHERENT
                                                  FIELD     FIELD     SCATT.    SCATT.
          (MeV)    (cm2/g)   (cm2/g)   (cm2/g)   (cm2/g)   (cm2/g)   (cm2/g)   (cm2/g)
 
        6.600E-02 9.156E-03 1.705E-01 6.395E-03 0.000E+00 0.000E+00 1.861E-01 1.769E-01
        6.650E-02 9.028E-03 1.703E-01 6.237E-03 0.000E+00 0.000E+00 1.856E-01 1.766E-01
        6.700E-02 8.903E-03 1.701E-01 6.084E-03 0.000E+00 0.000E+00 1.851E-01 1.762E-01
        6.750E-02 8.781E-03 1.700E-01 5.935E-03 0.000E+00 0.000E+00 1.847E-01 1.759E-01
        6.800E-02 8.661E-03 1.698E-01 5.792E-03 0.000E+00 0.000E+00 1.842E-01 1.756E-01
        6.850E-02 8.543E-03 1.696E-01 5.653E-03 0.000E+00 0.000E+00 1.838E-01 1.752E-01
        6.900E-02 8.428E-03 1.694E-01 5.518E-03 0.000E+00 0.000E+00 1.833E-01 1.749E-01
        6.950E-02 8.315E-03 1.692E-01 5.387E-03 0.000E+00 0.000E+00 1.829E-01 1.746E-01
        7.000E-02 8.204E-03 1.690E-01 5.261E-03 0.000E+00 0.000E+00 1.825E-01 1.743E-01
        7.050E-02 8.096E-03 1.688E-01 5.138E-03 0.000E+00 0.000E+00 1.821E-01 1.740E-01
        7.100E-02 7.989E-03 1.687E-01 5.019E-03 0.000E+00 0.000E+00 1.817E-01 1.737E-01
        7.150E-02 7.885E-03 1.685E-01 4.903E-03 0.000E+00 0.000E+00 1.813E-01 1.734E-01
        7.200E-02 7.782E-03 1.683E-01 4.791E-03 0.000E+00 0.000E+00 1.809E-01 1.731E-01
        7.250E-02 7.682E-03 1.681E-01 4.682E-03 0.000E+00 0.000E+00 1.805E-01 1.728E-01
        7.300E-02 7.584E-03 1.679E-01 4.577E-03 0.000E+00 0.000E+00 1.801E-01 1.725E-01
        7.350E-02 7.487E-03 1.677E-01 4.474E-03 0.000E+00 0.000E+00 1.797E-01 1.722E-01
        7.400E-02 7.392E-03 1.676E-01 4.375E-03 0.000E+00 0.000E+00 1.793E-01 1.719E-01
        7.450E-02 7.299E-03 1.674E-01 4.278E-03 0.000E+00 0.000E+00 1.790E-01 1.717E-01
        7.500E-02 7.208E-03 1.672E-01 4.184E-03 0.000E+00 0.000E+00 1.786E-01 1.714E-01
        7.550E-02 7.118E-03 1.670E-01 4.093E-03 0.000E+00 0.000E+00 1.782E-01 1.711E-01
        7.600E-02 7.030E-03 1.668E-01 4.004E-03 0.000E+00 0.000E+00 1.779E-01 1.708E-01
        7.650E-02 6.944E-03 1.666E-01 3.918E-03 0.000E+00 0.000E+00 1.775E-01 1.706E-01
        7.700E-02 6.859E-03 1.665E-01 3.835E-03 0.000E+00 0.000E+00 1.771E-01 1.703E-01
        7.750E-02 6.776E-03 1.663E-01 3.753E-03 0.000E+00 0.000E+00 1.768E-01 1.700E-01
        7.800E-02 6.694E-03 1.661E-01 3.674E-03 0.000E+00 0.000E+00 1.765E-01 1.698E-01
        7.850E-02 6.614E-03 1.659E-01 3.597E-03 0.000E+00 0.000E+00 1.761E-01 1.695E-01
        7.900E-02 6.535E-03 1.657E-01 3.522E-03 0.000E+00 0.000E+00 1.758E-01 1.692E-01
        7.950E-02 6.457E-03 1.655E-01 3.449E-03 0.000E+00 0.000E+00 1.754E-01 1.690E-01
        8.000E-02 6.381E-03 1.654E-01 3.378E-03 0.000E+00 0.000E+00 1.751E-01 1.687E-01
        8.050E-02 6.306E-03 1.652E-01 3.309E-03 0.000E+00 0.000E+00 1.748E-01 1.685E-01
        8.100E-02 6.233E-03 1.650E-01 3.242E-03 0.000E+00 0.000E+00 1.745E-01 1.682E-01
        8.150E-02 6.161E-03 1.648E-01 3.176E-03 0.000E+00 0.000E+00 1.742E-01 1.680E-01
        8.200E-02 6.089E-03 1.646E-01 3.112E-03 0.000E+00 0.000E+00 1.738E-01 1.677E-01
        8.250E-02 6.020E-03 1.645E-01 3.050E-03 0.000E+00 0.000E+00 1.735E-01 1.675E-01
        8.300E-02 5.951E-03 1.643E-01 2.990E-03 0.000E+00 0.000E+00 1.732E-01 1.673E-01
        8.350E-02 5.883E-03 1.641E-01 2.931E-03 0.000E+00 0.000E+00 1.729E-01 1.670E-01
        8.400E-02 5.817E-03 1.639E-01 2.873E-03 0.000E+00 0.000E+00 1.726E-01 1.668E-01
        8.450E-02 5.752E-03 1.637E-01 2.817E-03 0.000E+00 0.000E+00 1.723E-01 1.665E-01
        8.500E-02 5.688E-03 1.635E-01 2.763E-03 0.000E+00 0.000E+00 1.720E-01 1.663E-01
        8.550E-02 5.625E-03 1.634E-01 2.710E-03 0.000E+00 0.000E+00 1.717E-01 1.661E-01
        8.600E-02 5.562E-03 1.632E-01 2.658E-03 0.000E+00 0.000E+00 1.714E-01 1.658E-01
        8.650E-02 5.501E-03 1.630E-01 2.607E-03 0.000E+00 0.000E+00 1.711E-01 1.656E-01
        8.700E-02 5.441E-03 1.628E-01 2.558E-03 0.000E+00 0.000E+00 1.708E-01 1.654E-01
        8.750E-02 5.382E-03 1.627E-01 2.510E-03 0.000E+00 0.000E+00 1.705E-01 1.652E-01
 
        perspex                                                                 
 
        Constituents (Atomic Number:Fraction by Weight)
           1:0.08054   6:0.59985   8:0.31961
 
        Partial Interaction Coefficients and Total Attenuation Coefficients
 
         PHOTON       SCATTERING       PHOTO-     PAIR PRODUCTION    TOTAL ATTENUATION
         ENERGY   COHERENT  INCOHER.  ELECTRIC     IN        IN        WITH    WITHOUT
                                     ABSORPTION  NUCLEAR  ELECTRON   COHERENT  COHERENT
                                                  FIELD     FIELD     SCATT.    SCATT.
          (MeV)    (cm2/g)   (cm2/g)   (cm2/g)   (cm2/g)   (cm2/g)   (cm2/g)   (cm2/g)
 
        8.800E-02 5.324E-03 1.625E-01 2.463E-03 0.000E+00 0.000E+00 1.703E-01 1.649E-01
        8.850E-02 5.267E-03 1.623E-01 2.417E-03 0.000E+00 0.000E+00 1.700E-01 1.647E-01
        8.900E-02 5.210E-03 1.621E-01 2.372E-03 0.000E+00 0.000E+00 1.697E-01 1.645E-01
        8.950E-02 5.155E-03 1.619E-01 2.329E-03 0.000E+00 0.000E+00 1.694E-01 1.643E-01
        9.000E-02 5.100E-03 1.618E-01 2.286E-03 0.000E+00 0.000E+00 1.692E-01 1.641E-01
        9.050E-02 5.047E-03 1.616E-01 2.244E-03 0.000E+00 0.000E+00 1.689E-01 1.638E-01
        9.100E-02 4.994E-03 1.614E-01 2.204E-03 0.000E+00 0.000E+00 1.686E-01 1.636E-01
        9.150E-02 4.942E-03 1.612E-01 2.164E-03 0.000E+00 0.000E+00 1.683E-01 1.634E-01
        9.200E-02 4.890E-03 1.611E-01 2.125E-03 0.000E+00 0.000E+00 1.681E-01 1.632E-01
        9.250E-02 4.840E-03 1.609E-01 2.088E-03 0.000E+00 0.000E+00 1.678E-01 1.630E-01
        9.300E-02 4.790E-03 1.607E-01 2.051E-03 0.000E+00 0.000E+00 1.676E-01 1.628E-01
        9.350E-02 4.741E-03 1.605E-01 2.015E-03 0.000E+00 0.000E+00 1.673E-01 1.626E-01
        9.400E-02 4.693E-03 1.604E-01 1.979E-03 0.000E+00 0.000E+00 1.670E-01 1.623E-01
        9.450E-02 4.646E-03 1.602E-01 1.945E-03 0.000E+00 0.000E+00 1.668E-01 1.621E-01
        9.500E-02 4.599E-03 1.600E-01 1.911E-03 0.000E+00 0.000E+00 1.665E-01 1.619E-01
        9.550E-02 4.553E-03 1.598E-01 1.878E-03 0.000E+00 0.000E+00 1.663E-01 1.617E-01
        9.600E-02 4.507E-03 1.597E-01 1.846E-03 0.000E+00 0.000E+00 1.660E-01 1.615E-01
        9.650E-02 4.463E-03 1.595E-01 1.815E-03 0.000E+00 0.000E+00 1.658E-01 1.613E-01
        9.700E-02 4.419E-03 1.593E-01 1.784E-03 0.000E+00 0.000E+00 1.655E-01 1.611E-01
        9.750E-02 4.375E-03 1.592E-01 1.754E-03 0.000E+00 0.000E+00 1.653E-01 1.609E-01
        9.800E-02 4.332E-03 1.590E-01 1.724E-03 0.000E+00 0.000E+00 1.650E-01 1.607E-01
        9.850E-02 4.290E-03 1.588E-01 1.696E-03 0.000E+00 0.000E+00 1.648E-01 1.605E-01
        9.900E-02 4.249E-03 1.586E-01 1.667E-03 0.000E+00 0.000E+00 1.646E-01 1.603E-01
        9.950E-02 4.208E-03 1.585E-01 1.640E-03 0.000E+00 0.000E+00 1.643E-01 1.601E-01
        1.000E-01 4.167E-03 1.583E-01 1.613E-03 0.000E+00 0.000E+00 1.641E-01 1.599E-01
        1.005E-01 4.127E-03 1.581E-01 1.587E-03 0.000E+00 0.000E+00 1.639E-01 1.597E-01
        1.010E-01 4.088E-03 1.580E-01 1.561E-03 0.000E+00 0.000E+00 1.636E-01 1.595E-01
        1.015E-01 4.049E-03 1.578E-01 1.535E-03 0.000E+00 0.000E+00 1.634E-01 1.593E-01
        1.020E-01 4.011E-03 1.576E-01 1.511E-03 0.000E+00 0.000E+00 1.632E-01 1.591E-01
        1.025E-01 3.974E-03 1.575E-01 1.486E-03 0.000E+00 0.000E+00 1.629E-01 1.590E-01
        1.030E-01 3.937E-03 1.573E-01 1.463E-03 0.000E+00 0.000E+00 1.627E-01 1.588E-01
        1.035E-01 3.900E-03 1.571E-01 1.440E-03 0.000E+00 0.000E+00 1.625E-01 1.586E-01
        1.040E-01 3.864E-03 1.570E-01 1.417E-03 0.000E+00 0.000E+00 1.622E-01 1.584E-01
        1.045E-01 3.828E-03 1.568E-01 1.395E-03 0.000E+00 0.000E+00 1.620E-01 1.582E-01
        1.050E-01 3.793E-03 1.566E-01 1.373E-03 0.000E+00 0.000E+00 1.618E-01 1.580E-01
        1.055E-01 3.759E-03 1.565E-01 1.351E-03 0.000E+00 0.000E+00 1.616E-01 1.578E-01
        1.060E-01 3.725E-03 1.563E-01 1.330E-03 0.000E+00 0.000E+00 1.614E-01 1.576E-01
        1.065E-01 3.691E-03 1.561E-01 1.310E-03 0.000E+00 0.000E+00 1.611E-01 1.575E-01
        1.070E-01 3.658E-03 1.560E-01 1.290E-03 0.000E+00 0.000E+00 1.609E-01 1.573E-01
        1.075E-01 3.625E-03 1.558E-01 1.270E-03 0.000E+00 0.000E+00 1.607E-01 1.571E-01
        1.080E-01 3.592E-03 1.556E-01 1.251E-03 0.000E+00 0.000E+00 1.605E-01 1.569E-01
        1.085E-01 3.561E-03 1.555E-01 1.232E-03 0.000E+00 0.000E+00 1.603E-01 1.567E-01
        1.090E-01 3.529E-03 1.553E-01 1.213E-03 0.000E+00 0.000E+00 1.601E-01 1.565E-01
        1.095E-01 3.498E-03 1.552E-01 1.195E-03 0.000E+00 0.000E+00 1.599E-01 1.564E-01
 
        perspex                                                                 
 
        Constituents (Atomic Number:Fraction by Weight)
           1:0.08054   6:0.59985   8:0.31961
 
        Partial Interaction Coefficients and Total Attenuation Coefficients
 
         PHOTON       SCATTERING       PHOTO-     PAIR PRODUCTION    TOTAL ATTENUATION
         ENERGY   COHERENT  INCOHER.  ELECTRIC     IN        IN        WITH    WITHOUT
                                     ABSORPTION  NUCLEAR  ELECTRON   COHERENT  COHERENT
                                                  FIELD     FIELD     SCATT.    SCATT.
          (MeV)    (cm2/g)   (cm2/g)   (cm2/g)   (cm2/g)   (cm2/g)   (cm2/g)   (cm2/g)
 
        1.100E-01 3.467E-03 1.550E-01 1.177E-03 0.000E+00 0.000E+00 1.596E-01 1.562E-01
        1.105E-01 3.437E-03 1.548E-01 1.160E-03 0.000E+00 0.000E+00 1.594E-01 1.560E-01
        1.110E-01 3.407E-03 1.547E-01 1.143E-03 0.000E+00 0.000E+00 1.592E-01 1.558E-01
        1.115E-01 3.378E-03 1.545E-01 1.126E-03 0.000E+00 0.000E+00 1.590E-01 1.556E-01
        1.120E-01 3.348E-03 1.544E-01 1.109E-03 0.000E+00 0.000E+00 1.588E-01 1.555E-01
        1.125E-01 3.320E-03 1.542E-01 1.093E-03 0.000E+00 0.000E+00 1.586E-01 1.553E-01
        1.130E-01 3.291E-03 1.540E-01 1.077E-03 0.000E+00 0.000E+00 1.584E-01 1.551E-01
        1.135E-01 3.263E-03 1.539E-01 1.062E-03 0.000E+00 0.000E+00 1.582E-01 1.549E-01
        1.140E-01 3.236E-03 1.537E-01 1.046E-03 0.000E+00 0.000E+00 1.580E-01 1.548E-01
        1.145E-01 3.208E-03 1.536E-01 1.031E-03 0.000E+00 0.000E+00 1.578E-01 1.546E-01
        1.150E-01 3.181E-03 1.534E-01 1.017E-03 0.000E+00 0.000E+00 1.576E-01 1.544E-01
        1.155E-01 3.155E-03 1.533E-01 1.002E-03 0.000E+00 0.000E+00 1.574E-01 1.543E-01
        1.160E-01 3.128E-03 1.531E-01 9.882E-04 0.000E+00 0.000E+00 1.572E-01 1.541E-01
        1.165E-01 3.102E-03 1.529E-01 9.743E-04 0.000E+00 0.000E+00 1.570E-01 1.539E-01
        1.170E-01 3.077E-03 1.528E-01 9.606E-04 0.000E+00 0.000E+00 1.568E-01 1.537E-01
        1.175E-01 3.051E-03 1.526E-01 9.472E-04 0.000E+00 0.000E+00 1.566E-01 1.536E-01
        1.180E-01 3.026E-03 1.525E-01 9.341E-04 0.000E+00 0.000E+00 1.564E-01 1.534E-01
        1.185E-01 3.001E-03 1.523E-01 9.212E-04 0.000E+00 0.000E+00 1.562E-01 1.532E-01
        1.190E-01 2.977E-03 1.522E-01 9.085E-04 0.000E+00 0.000E+00 1.560E-01 1.531E-01
        1.195E-01 2.953E-03 1.520E-01 8.960E-04 0.000E+00 0.000E+00 1.559E-01 1.529E-01
        1.200E-01 2.929E-03 1.519E-01 8.838E-04 0.000E+00 0.000E+00 1.557E-01 1.527E-01
        1.205E-01 2.905E-03 1.517E-01 8.718E-04 0.000E+00 0.000E+00 1.555E-01 1.526E-01
        1.210E-01 2.882E-03 1.515E-01 8.600E-04 0.000E+00 0.000E+00 1.553E-01 1.524E-01
        1.215E-01 2.859E-03 1.514E-01 8.484E-04 0.000E+00 0.000E+00 1.551E-01 1.522E-01
        1.220E-01 2.836E-03 1.512E-01 8.370E-04 0.000E+00 0.000E+00 1.549E-01 1.521E-01
        1.225E-01 2.814E-03 1.511E-01 8.258E-04 0.000E+00 0.000E+00 1.547E-01 1.519E-01
        1.230E-01 2.792E-03 1.509E-01 8.149E-04 0.000E+00 0.000E+00 1.545E-01 1.518E-01
        1.235E-01 2.770E-03 1.508E-01 8.041E-04 0.000E+00 0.000E+00 1.544E-01 1.516E-01
        1.240E-01 2.748E-03 1.506E-01 7.934E-04 0.000E+00 0.000E+00 1.542E-01 1.514E-01
        1.245E-01 2.727E-03 1.505E-01 7.830E-04 0.000E+00 0.000E+00 1.540E-01 1.513E-01
        1.250E-01 2.705E-03 1.503E-01 7.728E-04 0.000E+00 0.000E+00 1.538E-01 1.511E-01
        1.255E-01 2.684E-03 1.502E-01 7.627E-04 0.000E+00 0.000E+00 1.536E-01 1.510E-01
        1.260E-01 2.664E-03 1.500E-01 7.528E-04 0.000E+00 0.000E+00 1.535E-01 1.508E-01
        1.265E-01 2.643E-03 1.499E-01 7.431E-04 0.000E+00 0.000E+00 1.533E-01 1.506E-01
        1.270E-01 2.623E-03 1.497E-01 7.335E-04 0.000E+00 0.000E+00 1.531E-01 1.505E-01
        1.275E-01 2.603E-03 1.496E-01 7.241E-04 0.000E+00 0.000E+00 1.529E-01 1.503E-01
        1.280E-01 2.583E-03 1.494E-01 7.149E-04 0.000E+00 0.000E+00 1.527E-01 1.502E-01
        1.285E-01 2.564E-03 1.493E-01 7.058E-04 0.000E+00 0.000E+00 1.526E-01 1.500E-01
        1.290E-01 2.544E-03 1.492E-01 6.968E-04 0.000E+00 0.000E+00 1.524E-01 1.498E-01
        1.295E-01 2.525E-03 1.490E-01 6.880E-04 0.000E+00 0.000E+00 1.522E-01 1.497E-01
        1.300E-01 2.506E-03 1.489E-01 6.794E-04 0.000E+00 0.000E+00 1.520E-01 1.495E-01
        1.305E-01 2.488E-03 1.487E-01 6.709E-04 0.000E+00 0.000E+00 1.519E-01 1.494E-01
        1.310E-01 2.469E-03 1.486E-01 6.625E-04 0.000E+00 0.000E+00 1.517E-01 1.492E-01
        1.315E-01 2.451E-03 1.484E-01 6.543E-04 0.000E+00 0.000E+00 1.515E-01 1.491E-01
 
        perspex                                                                 
 
        Constituents (Atomic Number:Fraction by Weight)
           1:0.08054   6:0.59985   8:0.31961
 
        Partial Interaction Coefficients and Total Attenuation Coefficients
 
         PHOTON       SCATTERING       PHOTO-     PAIR PRODUCTION    TOTAL ATTENUATION
         ENERGY   COHERENT  INCOHER.  ELECTRIC     IN        IN        WITH    WITHOUT
                                     ABSORPTION  NUCLEAR  ELECTRON   COHERENT  COHERENT
                                                  FIELD     FIELD     SCATT.    SCATT.
          (MeV)    (cm2/g)   (cm2/g)   (cm2/g)   (cm2/g)   (cm2/g)   (cm2/g)   (cm2/g)
 
        1.320E-01 2.433E-03 1.483E-01 6.462E-04 0.000E+00 0.000E+00 1.514E-01 1.489E-01
        1.325E-01 2.415E-03 1.481E-01 6.382E-04 0.000E+00 0.000E+00 1.512E-01 1.488E-01
        1.330E-01 2.397E-03 1.480E-01 6.304E-04 0.000E+00 0.000E+00 1.510E-01 1.486E-01
        1.335E-01 2.380E-03 1.478E-01 6.227E-04 0.000E+00 0.000E+00 1.509E-01 1.485E-01
        1.340E-01 2.362E-03 1.477E-01 6.151E-04 0.000E+00 0.000E+00 1.507E-01 1.483E-01
        1.345E-01 2.345E-03 1.476E-01 6.076E-04 0.000E+00 0.000E+00 1.505E-01 1.482E-01
        1.350E-01 2.328E-03 1.474E-01 6.003E-04 0.000E+00 0.000E+00 1.503E-01 1.480E-01
        1.355E-01 2.312E-03 1.473E-01 5.931E-04 0.000E+00 0.000E+00 1.502E-01 1.479E-01
        1.360E-01 2.295E-03 1.471E-01 5.859E-04 0.000E+00 0.000E+00 1.500E-01 1.477E-01
        1.365E-01 2.279E-03 1.470E-01 5.789E-04 0.000E+00 0.000E+00 1.499E-01 1.476E-01
        1.370E-01 2.262E-03 1.469E-01 5.720E-04 0.000E+00 0.000E+00 1.497E-01 1.474E-01
        1.375E-01 2.246E-03 1.467E-01 5.653E-04 0.000E+00 0.000E+00 1.495E-01 1.473E-01
        1.380E-01 2.230E-03 1.466E-01 5.586E-04 0.000E+00 0.000E+00 1.494E-01 1.471E-01
        1.385E-01 2.215E-03 1.464E-01 5.520E-04 0.000E+00 0.000E+00 1.492E-01 1.470E-01
        1.390E-01 2.199E-03 1.463E-01 5.455E-04 0.000E+00 0.000E+00 1.490E-01 1.468E-01
        1.395E-01 2.184E-03 1.462E-01 5.392E-04 0.000E+00 0.000E+00 1.489E-01 1.467E-01
        1.400E-01 2.168E-03 1.460E-01 5.329E-04 0.000E+00 0.000E+00 1.487E-01 1.465E-01
        1.405E-01 2.153E-03 1.459E-01 5.267E-04 0.000E+00 0.000E+00 1.486E-01 1.464E-01
        1.410E-01 2.139E-03 1.457E-01 5.206E-04 0.000E+00 0.000E+00 1.484E-01 1.463E-01
        1.415E-01 2.124E-03 1.456E-01 5.146E-04 0.000E+00 0.000E+00 1.482E-01 1.461E-01
        1.420E-01 2.109E-03 1.455E-01 5.087E-04 0.000E+00 0.000E+00 1.481E-01 1.460E-01
        1.425E-01 2.095E-03 1.453E-01 5.029E-04 0.000E+00 0.000E+00 1.479E-01 1.458E-01
        1.430E-01 2.080E-03 1.452E-01 4.972E-04 0.000E+00 0.000E+00 1.478E-01 1.457E-01
        1.435E-01 2.066E-03 1.451E-01 4.915E-04 0.000E+00 0.000E+00 1.476E-01 1.455E-01
        1.440E-01 2.052E-03 1.449E-01 4.860E-04 0.000E+00 0.000E+00 1.475E-01 1.454E-01
        1.445E-01 2.038E-03 1.448E-01 4.805E-04 0.000E+00 0.000E+00 1.473E-01 1.453E-01
        1.450E-01 2.024E-03 1.446E-01 4.751E-04 0.000E+00 0.000E+00 1.471E-01 1.451E-01
        1.455E-01 2.011E-03 1.445E-01 4.698E-04 0.000E+00 0.000E+00 1.470E-01 1.450E-01
        1.460E-01 1.997E-03 1.444E-01 4.646E-04 0.000E+00 0.000E+00 1.468E-01 1.448E-01
        1.465E-01 1.984E-03 1.442E-01 4.594E-04 0.000E+00 0.000E+00 1.467E-01 1.447E-01
        1.470E-01 1.971E-03 1.441E-01 4.543E-04 0.000E+00 0.000E+00 1.465E-01 1.446E-01
        1.475E-01 1.958E-03 1.440E-01 4.493E-04 0.000E+00 0.000E+00 1.464E-01 1.444E-01
        1.480E-01 1.945E-03 1.438E-01 4.444E-04 0.000E+00 0.000E+00 1.462E-01 1.443E-01
        1.485E-01 1.932E-03 1.437E-01 4.395E-04 0.000E+00 0.000E+00 1.461E-01 1.441E-01
        1.490E-01 1.919E-03 1.436E-01 4.347E-04 0.000E+00 0.000E+00 1.459E-01 1.440E-01
        1.495E-01 1.907E-03 1.434E-01 4.300E-04 0.000E+00 0.000E+00 1.458E-01 1.439E-01
        1.500E-01 1.894E-03 1.433E-01 4.253E-04 0.000E+00 0.000E+00 1.456E-01 1.437E-01
        1.505E-01 1.882E-03 1.432E-01 4.207E-04 0.000E+00 0.000E+00 1.455E-01 1.436E-01
