 0.00000    0.00000
 0.50000 38430.00000
 1.00000 8155.00000
 1.50000 3296.00000
 2.00000 1665.00000
 2.50000  961.00000
 3.00000  614.00000
 3.50000  416.40000
 4.00000  939.40000
 4.50000 1096.00000
 5.00000  846.90000
 5.50000  662.30000
 6.00000  529.20000
 6.50000  429.50000
 7.00000  354.00000
 7.50000  295.80000
 8.00000  250.10000
 8.50000  212.90000
 9.00000  182.90000
 9.50000  158.50000
10.00000  138.40000
10.50000  121.40000
11.00000  107.10000
11.50000   95.01000
12.00000   84.74000
12.50000   75.95000
13.00000   68.37000
13.50000   61.80000
14.00000   56.07000
14.50000   51.06000
15.00000   46.64000
15.50000   42.67000
16.00000   39.16000
16.50000   36.03000
17.00000   33.24000
17.50000   30.74000
18.00000   28.49000
18.50000   26.46000
19.00000   24.63000
19.50000   22.97000
20.00000   21.46000
20.50000   20.07000
21.00000   18.80000
21.50000   17.64000
22.00000   16.57000
22.50000   15.60000
23.00000   14.70000
23.50000   13.87000
24.00000   13.10000
24.50000   12.40000
25.00000   11.74000
25.50000   11.14000
26.00000   10.57000
26.50000   10.05000
27.00000    9.55700
27.50000    9.10000
28.00000    8.67400
28.50000    8.27500
29.00000    7.90200
29.50000   42.68000
30.00000   41.21000
30.50000   39.76000
31.00000   38.33000
31.50000   36.92000
32.00000   35.54000
32.50000   34.20000
33.00000   32.90000
33.50000   31.65000
34.00000   30.44000
34.50000   29.27000
35.00000   28.15000
35.50000   27.08000
36.00000   26.06000
36.50000   25.08000
37.00000   24.14000
37.50000   23.25000
38.00000   22.41000
38.50000   21.60000
39.00000   20.84000
39.50000   20.11000
40.00000   19.43000
40.50000   18.77000
41.00000   18.15000
41.50000   17.56000
42.00000   17.00000
42.50000   16.47000
43.00000   15.96000
43.50000   15.47000
44.00000   15.01000
44.50000   14.56000
45.00000   14.14000
45.50000   13.73000
46.00000   13.34000
46.50000   12.96000
47.00000   12.60000
47.50000   12.25000
48.00000   11.92000
48.50000   11.60000
49.00000   11.29000
49.50000   10.99000
50.00000   10.70000
50.50000   10.42000
51.00000   10.15000
51.50000    9.89000
52.00000    9.63900
52.50000    9.39600
53.00000    9.16100
53.50000    8.93400
54.00000    8.71400
54.50000    8.50100
55.00000    8.29600
55.50000    8.09700
56.00000    7.90400
56.50000    7.71800
57.00000    7.53700
57.50000    7.36200
58.00000    7.19300
58.50000    7.02800
59.00000    6.86900
59.50000    6.71500
60.00000    6.56500
60.50000    6.42000
61.00000    6.27900
61.50000    6.14300
62.00000    6.01000
62.50000    5.88200
63.00000    5.75700
63.50000    5.63500
64.00000    5.51800
64.50000    5.40300
65.00000    5.29200
65.50000    5.18400
66.00000    5.07900
66.50000    4.97600
67.00000    4.87700
67.50000    4.78000
68.00000    4.68600
68.50000    4.59500
69.00000    4.50600
69.50000    4.41900
70.00000    4.33500
70.50000    4.25200
71.00000    4.17200
71.50000    4.09400
72.00000    4.01800
72.50000    3.94400
73.00000    3.87200
73.50000    3.80200
74.00000    3.73300
74.50000    3.66600
75.00000    3.60100
75.50000    3.53700
76.00000    3.47500
76.50000    3.41400
77.00000    3.35500
77.50000    3.29800
78.00000    3.24100
78.50000    3.18600
79.00000    3.13200
79.50000    3.08000
80.00000    3.02900
80.50000    2.97900
81.00000    2.93000
81.50000    2.88200
82.00000    2.83500
82.50000    2.79000
83.00000    2.74500
83.50000    2.70100
84.00000    2.65900
84.50000    2.61700
85.00000    2.57600
85.50000    2.53600
86.00000    2.49700
86.50000    2.45900
87.00000    2.42100
87.50000    2.38500
88.00000    2.34900
88.50000    2.31400
89.00000    2.28000
89.50000    2.24600
90.00000    2.21300
90.50000    2.18100
91.00000    2.14900
91.50000    2.11800
92.00000    2.08800
92.50000    2.05800
93.00000    2.02900
93.50000    2.00100
94.00000    1.97300
94.50000    1.94500
95.00000    1.91800
95.50000    1.89200
96.00000    1.86600
96.50000    1.84100
97.00000    1.81600
97.50000    1.79200
98.00000    1.76800
98.50000    1.74400
99.00000    1.72100
99.50000    1.69900
100.00000    1.67700
100.50000    1.65500
101.00000    1.63400
101.50000    1.61300
102.00000    1.59200
102.50000    1.57200
103.00000    1.55200
103.50000    1.53300
104.00000    1.51400
104.50000    1.49500
105.00000    1.47700
105.50000    1.45800
106.00000    1.44100
106.50000    1.42300
107.00000    1.40600
107.50000    1.38900
108.00000    1.37300
108.50000    1.35600
109.00000    1.34000
109.50000    1.32500
110.00000    1.30900
110.50000    1.29400
111.00000    1.27900
111.50000    1.26500
112.00000    1.25000
112.50000    1.23600
113.00000    1.22200
113.50000    1.20800
114.00000    1.19500
114.50000    1.18200
115.00000    1.16800
115.50000    1.15600
116.00000    1.14300
116.50000    1.13100
117.00000    1.11800
117.50000    1.10600
118.00000    1.09400
118.50000    1.08300
119.00000    1.07100
119.50000    1.06000
120.00000    1.04900
120.50000    1.03800
121.00000    1.02700
121.50000    1.01700
122.00000    1.00600
122.50000    0.99600
123.00000    0.98590
123.50000    0.97590
124.00000    0.96610
124.50000    0.95640
125.00000    0.94690
125.50000    0.93750
126.00000    0.92830
126.50000    0.91920
127.00000    0.91020
127.50000    0.90140
128.00000    0.89270
128.50000    0.88410
129.00000    0.87570
129.50000    0.86740
130.00000    0.85920
130.50000    0.85110
131.00000    0.84310
131.50000    0.83530
132.00000    0.82750
132.50000    0.81990
133.00000    0.81240
133.50000    0.80490
134.00000    0.79760
134.50000    0.79040
135.00000    0.78330
135.50000    0.77630
136.00000    0.76940
136.50000    0.76260
137.00000    0.75580
137.50000    0.74920
138.00000    0.74270
138.50000    0.73620
139.00000    0.72980
139.50000    0.72350
140.00000    0.71740
140.50000    0.71120
141.00000    0.70520
141.50000    0.69930
142.00000    0.69340
142.50000    0.68760
143.00000    0.68190
143.50000    0.67620
144.00000    0.67060
144.50000    0.66510
145.00000    0.65970
145.50000    0.65440
146.00000    0.64910
146.50000    0.64390
147.00000    0.63870
147.50000    0.63360
148.00000    0.62860
148.50000    0.62360
149.00000    0.61870
149.50000    0.61390
150.00000    0.60910
150.50000    0.60440
151.00000    0.59970
151.50000    0.59520
152.00000    0.59060
152.50000    0.58610
153.00000    0.58170
153.50000    0.57730
154.00000    0.57300
154.50000    0.56870
155.00000    0.56450
155.50000    0.56030
156.00000    0.55620
156.50000    0.55210
157.00000    0.54810
157.50000    0.54410
158.00000    0.54020
158.50000    0.53630
159.00000    0.53250
159.50000    0.52870
160.00000    0.52500
160.50000    0.52130
161.00000    0.51760
161.50000    0.51400
162.00000    0.51040
162.50000    0.50690
163.00000    0.50340
163.50000    0.49990
164.00000    0.49650
164.50000    0.49320
165.00000    0.48980
165.50000    0.48650
166.00000    0.48330
166.50000    0.48000
167.00000    0.47690
167.50000    0.47370
168.00000    0.47060
168.50000    0.46750
169.00000    0.46440
169.50000    0.46140
170.00000    0.45850
170.50000    0.45550
171.00000    0.45260
171.50000    0.44970
172.00000    0.44680
172.50000    0.44400
173.00000    0.44120
173.50000    0.43850
174.00000    0.43570
174.50000    0.43300
175.00000    0.43030
175.50000    0.42770
176.00000    0.42510
176.50000    0.42250
177.00000    0.41990
177.50000    0.41740
178.00000    0.41490
178.50000    0.41240
179.00000    0.40990
179.50000    0.40750
180.00000    0.40510
180.50000    0.40270
181.00000    0.40030
181.50000    0.39800
182.00000    0.39570
182.50000    0.39340
183.00000    0.39110
183.50000    0.38890
184.00000    0.38670
184.50000    0.38450
185.00000    0.38230
185.50000    0.38020
186.00000    0.37800
186.50000    0.37590
187.00000    0.37380
187.50000    0.37170
188.00000    0.36970
188.50000    0.36770
189.00000    0.36570
189.50000    0.36370
190.00000    0.36170
190.50000    0.35970
191.00000    0.35780
191.50000    0.35590
192.00000    0.35400
192.50000    0.35210
193.00000    0.35030
193.50000    0.34840
194.00000    0.34660
194.50000    0.34480
195.00000    0.34300
195.50000    0.34120
196.00000    0.33950
196.50000    0.33770
197.00000    0.33600
197.50000    0.33430
198.00000    0.33260
198.50000    0.33090
199.00000    0.32930
199.50000    0.32760
200.00000    0.32600
200.50000    0.32440
201.00000    0.32280
201.50000    0.32120
202.00000    0.31960
202.50000    0.31810
203.00000    0.31650
203.50000    0.31500
204.00000    0.31350
204.50000    0.31200
205.00000    0.31050
205.50000    0.30900
206.00000    0.30760
206.50000    0.30610
207.00000    0.30470
207.50000    0.30330
208.00000    0.30180
208.50000    0.30040
209.00000    0.29910
209.50000    0.29770
210.00000    0.29630
210.50000    0.29500
211.00000    0.29360
211.50000    0.29230
212.00000    0.29100
212.50000    0.28970
213.00000    0.28840
213.50000    0.28710
214.00000    0.28580
214.50000    0.28460
215.00000    0.28330
215.50000    0.28210
216.00000    0.28090
216.50000    0.27960
217.00000    0.27840
217.50000    0.27720
218.00000    0.27600
218.50000    0.27490
219.00000    0.27370
219.50000    0.27250
220.00000    0.27140
220.50000    0.27020
221.00000    0.26910
221.50000    0.26800
222.00000    0.26690
222.50000    0.26580
223.00000    0.26470
223.50000    0.26360
224.00000    0.26250
224.50000    0.26150
225.00000    0.26040
225.50000    0.25930
226.00000    0.25830
226.50000    0.25730
227.00000    0.25620
227.50000    0.25520
228.00000    0.25420
228.50000    0.25320
229.00000    0.25220
229.50000    0.25120
230.00000    0.25030
230.50000    0.24930
231.00000    0.24830
231.50000    0.24740
232.00000    0.24640
232.50000    0.24550
233.00000    0.24450
233.50000    0.24360
234.00000    0.24270
234.50000    0.24180
235.00000    0.24090
235.50000    0.24000
236.00000    0.23910
236.50000    0.23820
237.00000    0.23730
237.50000    0.23650
238.00000    0.23560
238.50000    0.23470
239.00000    0.23390
239.50000    0.23300
240.00000    0.23220
240.50000    0.23140
241.00000    0.23050
241.50000    0.22970
242.00000    0.22890
242.50000    0.22810
243.00000    0.22730
243.50000    0.22650
244.00000    0.22570
244.50000    0.22490
245.00000    0.22420
245.50000    0.22340
246.00000    0.22260
246.50000    0.22190
247.00000    0.22110
247.50000    0.22030
248.00000    0.21960
248.50000    0.21890
249.00000    0.21810
249.50000    0.21740
250.00000    0.21670
