0 1e4
0.5 7.547E+03
1 1.185E+03
1.5 4.023E+02
2 2.263E+03
2.5 1.286E+03
3 7.881E+02
3.5 5.192E+02
4 3.605E+02
4.5 2.600E+02
5 1.934E+02
5.5 1.477E+02
6 1.153E+02
6.5 9.168E+01
7 7.408E+01
7.5 6.069E+01
8 5.032E+01
8.5 4.218E+01
9 3.569E+01
9.5 3.047E+01
10 2.621E+01
10.5 2.271E+01
11 1.981E+01
11.5 1.738E+01
12 1.534E+01
12.5 1.360E+01
13 1.212E+01
13.5 1.084E+01
14 9.744E+00
14.5 8.788E+00
15 7.955E+00
15.5 7.225E+00
16 6.583E+00
16.5 6.016E+00
17 5.513E+00
17.5 5.066E+00
18 4.667E+00
18.5 4.311E+00
19 3.990E+00
19.5 3.702E+00
20 3.442E+00
20.5 3.207E+00
21 2.993E+00
21.5 2.799E+00
22 2.623E+00
22.5 2.461E+00
23 2.314E+00
23.5 2.179E+00
24 2.055E+00
24.5 1.941E+00
25 1.836E+00
25.5 1.739E+00
26 1.649E+00
26.5 1.566E+00
27 1.489E+00
27.5 1.418E+00
28 1.351E+00
28.5 1.290E+00
29 1.232E+00
29.5 1.178E+00
30 1.128E+00
30.5 1.081E+00
31 1.037E+00
31.5 9.963E-01
32 9.576E-01
32.5 9.214E-01
33 8.873E-01
33.5 8.552E-01
34 8.250E-01
34.5 7.965E-01
35 7.696E-01
35.5 7.442E-01
36 7.202E-01
36.5 6.975E-01
37 6.760E-01
37.5 6.557E-01
38 6.364E-01
38.5 6.181E-01
39 6.007E-01
39.5 5.841E-01
40 5.684E-01
40.5 5.535E-01
41 5.392E-01
41.5 5.257E-01
42 5.128E-01
42.5 5.004E-01
43 4.886E-01
43.5 4.774E-01
44 4.667E-01
44.5 4.564E-01
45 4.466E-01
45.5 4.372E-01
46 4.281E-01
46.5 4.195E-01
47 4.112E-01
47.5 4.033E-01
48 3.957E-01
48.5 3.884E-01
49 3.814E-01
49.5 3.746E-01
50 3.681E-01
50.5 3.619E-01
51 3.559E-01
51.5 3.501E-01
52 3.446E-01
52.5 3.392E-01
53 3.340E-01
53.5 3.291E-01
54 3.242E-01
54.5 3.196E-01
55 3.151E-01
55.5 3.108E-01
56 3.066E-01
56.5 3.026E-01
57 2.987E-01
57.5 2.949E-01
58 2.913E-01
58.5 2.877E-01
59 2.843E-01
59.5 2.810E-01
60 2.778E-01
60.5 2.747E-01
61 2.717E-01
61.5 2.688E-01
62 2.659E-01
62.5 2.632E-01
63 2.605E-01
63.5 2.579E-01
64 2.554E-01
64.5 2.530E-01
65 2.506E-01
65.5 2.483E-01
66 2.460E-01
66.5 2.438E-01
67 2.417E-01
67.5 2.397E-01
68 2.376E-01
68.5 2.357E-01
69 2.338E-01
69.5 2.319E-01
70 2.301E-01
70.5 2.283E-01
71 2.266E-01
71.5 2.249E-01
72 2.233E-01
72.5 2.217E-01
73 2.202E-01
73.5 2.186E-01
74 2.172E-01
74.5 2.157E-01
75 2.143E-01
75.5 2.129E-01
76 2.116E-01
76.5 2.102E-01
77 2.089E-01
77.5 2.077E-01
78 2.064E-01
78.5 2.052E-01
79 2.041E-01
79.5 2.029E-01
80 2.018E-01
80.5 2.007E-01
81 1.996E-01
81.5 1.985E-01
82 1.975E-01
82.5 1.965E-01
83 1.955E-01
83.5 1.945E-01
84 1.935E-01
84.5 1.926E-01
85 1.917E-01
85.5 1.908E-01
86 1.899E-01
86.5 1.890E-01
87 1.881E-01
87.5 1.873E-01
88 1.865E-01
88.5 1.857E-01
89 1.849E-01
89.5 1.841E-01
90 1.833E-01
90.5 1.826E-01
91 1.818E-01
91.5 1.811E-01
92 1.804E-01
92.5 1.797E-01
93 1.790E-01
93.5 1.783E-01
94 1.777E-01
94.5 1.770E-01
95 1.764E-01
95.5 1.757E-01
96 1.751E-01
96.5 1.745E-01
97 1.739E-01
97.5 1.733E-01
98 1.727E-01
98.5 1.721E-01
99 1.715E-01
99.5 1.710E-01
100 1.704E-01
100.5 1.699E-01
101 1.693E-01
101.5 1.688E-01
102 1.683E-01
102.5 1.678E-01
103 1.673E-01
103.5 1.668E-01
104 1.663E-01
104.5 1.658E-01
105 1.653E-01
105.5 1.648E-01
106 1.644E-01
106.5 1.639E-01
107 1.634E-01
107.5 1.630E-01
108 1.625E-01
108.5 1.621E-01
109 1.617E-01
109.5 1.612E-01
110 1.608E-01
110.5 1.604E-01
111 1.600E-01
111.5 1.596E-01
112 1.592E-01
112.5 1.588E-01
113 1.584E-01
113.5 1.580E-01
114 1.576E-01
114.5 1.572E-01
115 1.569E-01
115.5 1.565E-01
116 1.561E-01
116.5 1.558E-01
117 1.554E-01
117.5 1.551E-01
118 1.547E-01
118.5 1.544E-01
119 1.540E-01
119.5 1.537E-01
120 1.533E-01
120.5 1.530E-01
121 1.527E-01
121.5 1.523E-01
122 1.520E-01
122.5 1.517E-01
123 1.514E-01
123.5 1.511E-01
124 1.508E-01
124.5 1.505E-01
125 1.502E-01
125.5 1.499E-01
126 1.496E-01
126.5 1.493E-01
127 1.490E-01
127.5 1.487E-01
128 1.484E-01
128.5 1.481E-01
129 1.478E-01
129.5 1.475E-01
130 1.473E-01
130.5 1.470E-01
131 1.467E-01
131.5 1.465E-01
132 1.462E-01
132.5 1.459E-01
133 1.457E-01
133.5 1.454E-01
134 1.451E-01
134.5 1.449E-01
135 1.446E-01
135.5 1.444E-01
136 1.441E-01
136.5 1.439E-01
137 1.436E-01
137.5 1.434E-01
138 1.431E-01
138.5 1.429E-01
139 1.427E-01
139.5 1.424E-01
140 1.422E-01
140.5 1.420E-01
141 1.417E-01
141.5 1.415E-01
142 1.413E-01
142.5 1.410E-01
143 1.408E-01
143.5 1.406E-01
144 1.404E-01
144.5 1.402E-01
145 1.399E-01
145.5 1.397E-01
146 1.395E-01
146.5 1.393E-01
147 1.391E-01
147.5 1.389E-01
148 1.387E-01
148.5 1.385E-01
149 1.383E-01
149.5 1.380E-01
150 1.378E-01
150.5 1.376E-01
151 1.374E-01
151.5 1.372E-01
152 1.370E-01
152.5 1.368E-01
153 1.367E-01
153.5 1.365E-01
154 1.363E-01
154.5 1.361E-01
155 1.359E-01
155.5 1.357E-01
156 1.355E-01
156.5 1.353E-01
157 1.351E-01
157.5 1.349E-01
158 1.348E-01
158.5 1.346E-01
159 1.344E-01
159.5 1.342E-01
160 1.340E-01
160.5 1.339E-01
161 1.337E-01
161.5 1.335E-01
162 1.333E-01
162.5 1.332E-01
163 1.330E-01
163.5 1.328E-01
164 1.326E-01
164.5 1.325E-01
165 1.323E-01
165.5 1.321E-01
166 1.320E-01
166.5 1.318E-01
167 1.316E-01
167.5 1.315E-01
168 1.313E-01
168.5 1.311E-01
169 1.310E-01
169.5 1.308E-01
170 1.307E-01
170.5 1.305E-01
171 1.303E-01
171.5 1.302E-01
172 1.300E-01
172.5 1.299E-01
173 1.297E-01
173.5 1.296E-01
174 1.294E-01
174.5 1.293E-01
175 1.291E-01
175.5 1.289E-01
176 1.288E-01
176.5 1.286E-01
177 1.285E-01
177.5 1.283E-01
178 1.282E-01
178.5 1.281E-01
179 1.279E-01
179.5 1.278E-01
180 1.276E-01
180.5 1.275E-01
181 1.273E-01
181.5 1.272E-01
182 1.270E-01
182.5 1.269E-01
183 1.268E-01
183.5 1.266E-01
184 1.265E-01
184.5 1.263E-01
185 1.262E-01
185.5 1.261E-01
186 1.259E-01
186.5 1.258E-01
187 1.257E-01
187.5 1.255E-01
188 1.254E-01
188.5 1.252E-01
189 1.251E-01
189.5 1.250E-01
190 1.248E-01
190.5 1.247E-01
191 1.246E-01
191.5 1.245E-01
192 1.243E-01
192.5 1.242E-01
193 1.241E-01
193.5 1.239E-01
194 1.238E-01
194.5 1.237E-01
195 1.235E-01
195.5 1.234E-01
196 1.233E-01
196.5 1.232E-01
197 1.230E-01
197.5 1.229E-01
198 1.228E-01
198.5 1.227E-01
199 1.225E-01
199.5 1.224E-01
200 1.223E-01
200.5 1.222E-01
201 1.221E-01
201.5 1.219E-01
202 1.218E-01
202.5 1.217E-01
203 1.216E-01
203.5 1.215E-01
204 1.213E-01
204.5 1.212E-01
205 1.211E-01
205.5 1.210E-01
206 1.209E-01
206.5 1.208E-01
207 1.206E-01
207.5 1.205E-01
208 1.204E-01
208.5 1.203E-01
209 1.202E-01
209.5 1.201E-01
210 1.200E-01
210.5 1.198E-01
211 1.197E-01
211.5 1.196E-01
212 1.195E-01
212.5 1.194E-01
213 1.193E-01
213.5 1.192E-01
214 1.191E-01
214.5 1.190E-01
215 1.188E-01
215.5 1.187E-01
216 1.186E-01
216.5 1.185E-01
217 1.184E-01
217.5 1.183E-01
218 1.182E-01
218.5 1.181E-01
219 1.180E-01
219.5 1.179E-01
220 1.178E-01
220.5 1.177E-01
221 1.176E-01
221.5 1.175E-01
222 1.174E-01
222.5 1.172E-01
223 1.171E-01
223.5 1.170E-01
224 1.169E-01
224.5 1.168E-01
225 1.167E-01
225.5 1.166E-01
226 1.165E-01
226.5 1.164E-01
227 1.163E-01
227.5 1.162E-01
228 1.161E-01
228.5 1.160E-01
229 1.159E-01
229.5 1.158E-01
230 1.157E-01
230.5 1.156E-01
231 1.155E-01
231.5 1.154E-01
232 1.153E-01
232.5 1.152E-01
233 1.151E-01
233.5 1.150E-01
234 1.149E-01
234.5 1.148E-01
235 1.148E-01
235.5 1.147E-01
236 1.146E-01
236.5 1.145E-01
237 1.144E-01
237.5 1.143E-01
238 1.142E-01
238.5 1.141E-01
239 1.140E-01
239.5 1.139E-01
240 1.138E-01
240.5 1.137E-01
241 1.136E-01
241.5 1.135E-01
242 1.134E-01
242.5 1.133E-01
243 1.133E-01
243.5 1.132E-01
244 1.131E-01
244.5 1.130E-01
245 1.129E-01
245.5 1.128E-01
246 1.127E-01
246.5 1.126E-01
247 1.125E-01
247.5 1.124E-01
248 1.124E-01
248.5 1.123E-01
249 1.122E-01
249.5 1.121E-01
250 1.120E-01
