0 2e4
0.5 2.823E+04
1 4.415E+03
1.5 1.513E+03
2 6.899E+02
2.5 3.704E+02
3 2.221E+02
3.5 1.433E+02
4 9.799E+01
4.5 3.490E+02
5 2.665E+02
5.5 2.072E+02
6 1.640E+02
6.5 1.322E+02
7 1.082E+02
7.5 8.976E+01
8 7.526E+01
8.5 6.370E+01
9 5.438E+01
9.5 4.679E+01
10 4.054E+01
10.5 3.536E+01
11 3.103E+01
11.5 2.739E+01
12 2.429E+01
12.5 2.164E+01
13 1.937E+01
13.5 1.741E+01
14 1.570E+01
14.5 1.421E+01
15 1.291E+01
15.5 1.176E+01
16 1.074E+01
16.5 9.843E+00
17 9.042E+00
17.5 8.326E+00
18 7.685E+00
18.5 7.109E+00
19 6.590E+00
19.5 6.122E+00
20 5.698E+00
20.5 5.313E+00
21 4.962E+00
21.5 4.643E+00
22 4.351E+00
22.5 4.085E+00
23 3.840E+00
23.5 3.615E+00
24 3.408E+00
24.5 3.217E+00
25 3.041E+00
25.5 2.878E+00
26 2.728E+00
26.5 2.588E+00
27 2.458E+00
27.5 2.337E+00
28 2.225E+00
28.5 2.120E+00
29 2.022E+00
29.5 1.931E+00
30 1.845E+00
30.5 1.765E+00
31 1.690E+00
31.5 1.620E+00
32 1.554E+00
32.5 1.491E+00
33 1.433E+00
33.5 1.378E+00
34 1.326E+00
34.5 1.277E+00
35 1.230E+00
35.5 1.186E+00
36 1.145E+00
36.5 1.106E+00
37 1.069E+00
37.5 1.033E+00
38 9.998E-01
38.5 9.681E-01
39 9.379E-01
39.5 9.092E-01
40 8.819E-01
40.5 8.559E-01
41 8.311E-01
41.5 8.075E-01
42 7.850E-01
42.5 7.635E-01
43 7.430E-01
43.5 7.234E-01
44 7.047E-01
44.5 6.868E-01
45 6.697E-01
45.5 6.533E-01
46 6.376E-01
46.5 6.225E-01
47 6.081E-01
47.5 5.943E-01
48 5.810E-01
48.5 5.683E-01
49 5.560E-01
49.5 5.443E-01
50 5.330E-01
50.5 5.221E-01
51 5.116E-01
51.5 5.016E-01
52 4.919E-01
52.5 4.825E-01
53 4.736E-01
53.5 4.649E-01
54 4.565E-01
54.5 4.485E-01
55 4.407E-01
55.5 4.332E-01
56 4.259E-01
56.5 4.189E-01
57 4.122E-01
57.5 4.056E-01
58 3.993E-01
58.5 3.932E-01
59 3.872E-01
59.5 3.815E-01
60 3.759E-01
60.5 3.706E-01
61 3.654E-01
61.5 3.603E-01
62 3.554E-01
62.5 3.507E-01
63 3.461E-01
63.5 3.416E-01
64 3.373E-01
64.5 3.331E-01
65 3.290E-01
65.5 3.250E-01
66 3.211E-01
66.5 3.174E-01
67 3.138E-01
67.5 3.102E-01
68 3.068E-01
68.5 3.034E-01
69 3.002E-01
69.5 2.970E-01
70 2.939E-01
70.5 2.909E-01
71 2.880E-01
71.5 2.851E-01
72 2.824E-01
72.5 2.797E-01
73 2.770E-01
73.5 2.745E-01
74 2.720E-01
74.5 2.695E-01
75 2.671E-01
75.5 2.648E-01
76 2.625E-01
76.5 2.603E-01
77 2.581E-01
77.5 2.560E-01
78 2.540E-01
78.5 2.520E-01
79 2.500E-01
79.5 2.481E-01
80 2.462E-01
80.5 2.444E-01
81 2.426E-01
81.5 2.408E-01
82 2.391E-01
82.5 2.374E-01
83 2.358E-01
83.5 2.341E-01
84 2.326E-01
84.5 2.310E-01
85 2.295E-01
85.5 2.280E-01
86 2.266E-01
86.5 2.252E-01
87 2.238E-01
87.5 2.224E-01
88 2.211E-01
88.5 2.198E-01
89 2.185E-01
89.5 2.172E-01
90 2.160E-01
90.5 2.148E-01
91 2.136E-01
91.5 2.124E-01
92 2.113E-01
92.5 2.102E-01
93 2.091E-01
93.5 2.080E-01
94 2.069E-01
94.5 2.059E-01
95 2.048E-01
95.5 2.038E-01
96 2.028E-01
96.5 2.019E-01
97 2.009E-01
97.5 2.000E-01
98 1.991E-01
98.5 1.981E-01
99 1.973E-01
99.5 1.964E-01
100 1.955E-01
100.5 1.947E-01
101 1.938E-01
101.5 1.930E-01
102 1.922E-01
102.5 1.914E-01
103 1.906E-01
103.5 1.899E-01
104 1.891E-01
104.5 1.884E-01
105 1.876E-01
105.5 1.869E-01
106 1.862E-01
106.5 1.855E-01
107 1.848E-01
107.5 1.841E-01
108 1.834E-01
108.5 1.828E-01
109 1.821E-01
109.5 1.815E-01
110 1.808E-01
110.5 1.802E-01
111 1.796E-01
111.5 1.790E-01
112 1.784E-01
112.5 1.778E-01
113 1.772E-01
113.5 1.766E-01
114 1.761E-01
114.5 1.755E-01
115 1.750E-01
115.5 1.744E-01
116 1.739E-01
116.5 1.733E-01
117 1.728E-01
117.5 1.723E-01
118 1.718E-01
118.5 1.713E-01
119 1.708E-01
119.5 1.703E-01
120 1.698E-01
120.5 1.693E-01
121 1.689E-01
121.5 1.684E-01
122 1.679E-01
122.5 1.675E-01
123 1.670E-01
123.5 1.666E-01
124 1.661E-01
124.5 1.657E-01
125 1.653E-01
125.5 1.648E-01
126 1.644E-01
126.5 1.640E-01
127 1.636E-01
127.5 1.632E-01
128 1.628E-01
128.5 1.624E-01
129 1.620E-01
129.5 1.616E-01
130 1.612E-01
130.5 1.608E-01
131 1.604E-01
131.5 1.601E-01
132 1.597E-01
132.5 1.593E-01
133 1.590E-01
133.5 1.586E-01
134 1.582E-01
134.5 1.579E-01
135 1.575E-01
135.5 1.572E-01
136 1.568E-01
136.5 1.565E-01
137 1.562E-01
137.5 1.558E-01
138 1.555E-01
138.5 1.552E-01
139 1.549E-01
139.5 1.545E-01
140 1.542E-01
140.5 1.539E-01
141 1.536E-01
141.5 1.533E-01
142 1.530E-01
142.5 1.527E-01
143 1.524E-01
143.5 1.521E-01
144 1.518E-01
144.5 1.515E-01
145 1.512E-01
145.5 1.509E-01
146 1.506E-01
146.5 1.504E-01
147 1.501E-01
147.5 1.498E-01
148 1.495E-01
148.5 1.492E-01
149 1.490E-01
149.5 1.487E-01
150 1.484E-01
150.5 1.482E-01
151 1.479E-01
151.5 1.477E-01
152 1.474E-01
152.5 1.471E-01
153 1.469E-01
153.5 1.466E-01
154 1.464E-01
154.5 1.461E-01
155 1.459E-01
155.5 1.456E-01
156 1.454E-01
156.5 1.452E-01
157 1.449E-01
157.5 1.447E-01
158 1.445E-01
158.5 1.442E-01
159 1.440E-01
159.5 1.438E-01
160 1.435E-01
160.5 1.433E-01
161 1.431E-01
161.5 1.428E-01
162 1.426E-01
162.5 1.424E-01
163 1.422E-01
163.5 1.420E-01
164 1.418E-01
164.5 1.415E-01
165 1.413E-01
165.5 1.411E-01
166 1.409E-01
166.5 1.407E-01
167 1.405E-01
167.5 1.403E-01
168 1.401E-01
168.5 1.399E-01
169 1.397E-01
169.5 1.395E-01
170 1.393E-01
170.5 1.391E-01
171 1.389E-01
171.5 1.387E-01
172 1.385E-01
172.5 1.383E-01
173 1.381E-01
173.5 1.379E-01
174 1.377E-01
174.5 1.375E-01
175 1.373E-01
175.5 1.371E-01
176 1.370E-01
176.5 1.368E-01
177 1.366E-01
177.5 1.364E-01
178 1.362E-01
178.5 1.361E-01
179 1.359E-01
179.5 1.357E-01
180 1.355E-01
180.5 1.353E-01
181 1.352E-01
181.5 1.350E-01
182 1.348E-01
182.5 1.346E-01
183 1.345E-01
183.5 1.343E-01
184 1.341E-01
184.5 1.340E-01
185 1.338E-01
185.5 1.336E-01
186 1.335E-01
186.5 1.333E-01
187 1.331E-01
187.5 1.330E-01
188 1.328E-01
188.5 1.327E-01
189 1.325E-01
189.5 1.323E-01
190 1.322E-01
190.5 1.320E-01
191 1.319E-01
191.5 1.317E-01
192 1.315E-01
192.5 1.314E-01
193 1.312E-01
193.5 1.311E-01
194 1.309E-01
194.5 1.308E-01
195 1.306E-01
195.5 1.305E-01
196 1.303E-01
196.5 1.302E-01
197 1.300E-01
197.5 1.299E-01
198 1.297E-01
198.5 1.296E-01
199 1.294E-01
199.5 1.293E-01
200 1.292E-01
200.5 1.290E-01
201 1.289E-01
201.5 1.287E-01
202 1.286E-01
202.5 1.284E-01
203 1.283E-01
203.5 1.282E-01
204 1.280E-01
204.5 1.279E-01
205 1.277E-01
205.5 1.276E-01
206 1.275E-01
206.5 1.273E-01
207 1.272E-01
207.5 1.271E-01
208 1.269E-01
208.5 1.268E-01
209 1.267E-01
209.5 1.265E-01
210 1.264E-01
210.5 1.263E-01
211 1.261E-01
211.5 1.260E-01
212 1.259E-01
212.5 1.258E-01
213 1.256E-01
213.5 1.255E-01
214 1.254E-01
214.5 1.252E-01
215 1.251E-01
215.5 1.250E-01
216 1.249E-01
216.5 1.247E-01
217 1.246E-01
217.5 1.245E-01
218 1.244E-01
218.5 1.242E-01
219 1.241E-01
219.5 1.240E-01
220 1.239E-01
220.5 1.238E-01
221 1.236E-01
221.5 1.235E-01
222 1.234E-01
222.5 1.233E-01
223 1.232E-01
223.5 1.230E-01
224 1.229E-01
224.5 1.228E-01
225 1.227E-01
225.5 1.226E-01
226 1.225E-01
226.5 1.223E-01
227 1.222E-01
227.5 1.221E-01
228 1.220E-01
228.5 1.219E-01
229 1.218E-01
229.5 1.217E-01
230 1.215E-01
230.5 1.214E-01
231 1.213E-01
231.5 1.212E-01
232 1.211E-01
232.5 1.210E-01
233 1.209E-01
233.5 1.208E-01
234 1.207E-01
234.5 1.205E-01
235 1.204E-01
235.5 1.203E-01
236 1.202E-01
236.5 1.201E-01
237 1.200E-01
237.5 1.199E-01
238 1.198E-01
238.5 1.197E-01
239 1.196E-01
239.5 1.195E-01
240 1.194E-01
240.5 1.193E-01
241 1.192E-01
241.5 1.191E-01
242 1.190E-01
242.5 1.189E-01
243 1.187E-01
243.5 1.186E-01
244 1.185E-01
244.5 1.184E-01
245 1.183E-01
245.5 1.182E-01
246 1.181E-01
246.5 1.180E-01
247 1.179E-01
247.5 1.178E-01
248 1.177E-01
248.5 1.176E-01
249 1.175E-01
249.5 1.174E-01
250 1.173E-01
