0 1e7
0.5 2.645E+04
1 4.196E+03
1.5 1.446E+03
2 6.627E+02
2.5 6.482E+02
3 4.034E+02
3.5 2.659E+02
4 1.841E+02
4.5 4.109E+02
5 3.131E+02
5.5 2.431E+02
6 1.923E+02
6.5 1.548E+02
7 1.266E+02
7.5 1.049E+02
8 8.786E+01
8.5 7.431E+01
9 6.339E+01
9.5 5.450E+01
10 4.720E+01
10.5 4.114E+01
11 3.608E+01
11.5 3.182E+01
12 2.821E+01
12.5 2.512E+01
13 2.247E+01
13.5 2.018E+01
14 1.819E+01
14.5 1.646E+01
15 1.494E+01
15.5 1.360E+01
16 1.242E+01
16.5 1.137E+01
17 1.044E+01
17.5 9.611E+00
18 8.866E+00
18.5 8.197E+00
19 7.595E+00
19.5 7.052E+00
20 6.560E+00
20.5 6.113E+00
21 5.707E+00
21.5 5.337E+00
22 4.999E+00
22.5 4.690E+00
23 4.406E+00
23.5 4.146E+00
24 3.906E+00
24.5 3.685E+00
25 3.482E+00
25.5 3.293E+00
26 3.119E+00
26.5 2.957E+00
27 2.807E+00
27.5 2.667E+00
28 2.537E+00
28.5 2.416E+00
29 2.303E+00
29.5 2.198E+00
30 2.099E+00
30.5 2.007E+00
31 1.920E+00
31.5 1.839E+00
32 1.762E+00
32.5 1.690E+00
33 1.623E+00
33.5 1.559E+00
34 1.499E+00
34.5 1.443E+00
35 1.389E+00
35.5 1.339E+00
36 1.291E+00
36.5 1.246E+00
37 1.203E+00
37.5 1.162E+00
38 1.124E+00
38.5 1.087E+00
39 1.052E+00
39.5 1.019E+00
40 9.877E-01
40.5 9.578E-01
41 9.293E-01
41.5 9.022E-01
42 8.763E-01
42.5 8.516E-01
43 8.280E-01
43.5 8.055E-01
44 7.840E-01
44.5 7.634E-01
45 7.437E-01
45.5 7.248E-01
46 7.068E-01
46.5 6.895E-01
47 6.729E-01
47.5 6.571E-01
48 6.418E-01
48.5 6.272E-01
49 6.131E-01
49.5 5.996E-01
50 5.867E-01
50.5 5.742E-01
51 5.622E-01
51.5 5.506E-01
52 5.395E-01
52.5 5.288E-01
53 5.185E-01
53.5 5.086E-01
54 4.990E-01
54.5 4.898E-01
55 4.808E-01
55.5 4.722E-01
56 4.639E-01
56.5 4.559E-01
57 4.482E-01
57.5 4.407E-01
58 4.334E-01
58.5 4.264E-01
59 4.196E-01
59.5 4.131E-01
60 4.067E-01
60.5 4.006E-01
61 3.946E-01
61.5 3.888E-01
62 3.833E-01
62.5 3.778E-01
63 3.726E-01
63.5 3.675E-01
64 3.625E-01
64.5 3.577E-01
65 3.531E-01
65.5 3.485E-01
66 3.441E-01
66.5 3.399E-01
67 3.357E-01
67.5 3.317E-01
68 3.278E-01
68.5 3.240E-01
69 3.202E-01
69.5 3.166E-01
70 3.131E-01
70.5 3.097E-01
71 3.064E-01
71.5 3.031E-01
72 3.000E-01
72.5 2.969E-01
73 2.939E-01
73.5 2.910E-01
74 2.881E-01
74.5 2.854E-01
75 2.827E-01
75.5 2.800E-01
76 2.775E-01
76.5 2.749E-01
77 2.725E-01
77.5 2.701E-01
78 2.678E-01
78.5 2.655E-01
79 2.632E-01
79.5 2.611E-01
80 2.589E-01
80.5 2.569E-01
81 2.548E-01
81.5 2.528E-01
82 2.509E-01
82.5 2.490E-01
83 2.471E-01
83.5 2.453E-01
84 2.435E-01
84.5 2.418E-01
85 2.401E-01
85.5 2.384E-01
86 2.368E-01
86.5 2.352E-01
87 2.336E-01
87.5 2.321E-01
88 2.306E-01
88.5 2.291E-01
89 2.277E-01
89.5 2.262E-01
90 2.248E-01
90.5 2.235E-01
91 2.222E-01
91.5 2.208E-01
92 2.196E-01
92.5 2.183E-01
93 2.171E-01
93.5 2.158E-01
94 2.147E-01
94.5 2.135E-01
95 2.123E-01
95.5 2.112E-01
96 2.101E-01
96.5 2.090E-01
97 2.079E-01
97.5 2.069E-01
98 2.059E-01
98.5 2.048E-01
99 2.038E-01
99.5 2.029E-01
100 2.019E-01
100.5 2.010E-01
101 2.000E-01
101.5 1.991E-01
102 1.982E-01
102.5 1.973E-01
103 1.964E-01
103.5 1.956E-01
104 1.947E-01
104.5 1.939E-01
105 1.931E-01
105.5 1.923E-01
106 1.915E-01
106.5 1.907E-01
107 1.900E-01
107.5 1.892E-01
108 1.884E-01
108.5 1.877E-01
109 1.870E-01
109.5 1.863E-01
110 1.856E-01
110.5 1.849E-01
111 1.842E-01
111.5 1.835E-01
112 1.829E-01
112.5 1.822E-01
113 1.816E-01
113.5 1.809E-01
114 1.803E-01
114.5 1.797E-01
115 1.791E-01
115.5 1.785E-01
116 1.779E-01
116.5 1.773E-01
117 1.767E-01
117.5 1.761E-01
118 1.756E-01
118.5 1.750E-01
119 1.745E-01
119.5 1.739E-01
120 1.734E-01
120.5 1.729E-01
121 1.723E-01
121.5 1.718E-01
122 1.713E-01
122.5 1.708E-01
123 1.703E-01
123.5 1.698E-01
124 1.693E-01
124.5 1.689E-01
125 1.684E-01
125.5 1.679E-01
126 1.675E-01
126.5 1.670E-01
127 1.666E-01
127.5 1.661E-01
128 1.657E-01
128.5 1.652E-01
129 1.648E-01
129.5 1.644E-01
130 1.640E-01
130.5 1.635E-01
131 1.631E-01
131.5 1.627E-01
132 1.623E-01
132.5 1.619E-01
133 1.615E-01
133.5 1.611E-01
134 1.607E-01
134.5 1.604E-01
135 1.600E-01
135.5 1.596E-01
136 1.592E-01
136.5 1.589E-01
137 1.585E-01
137.5 1.581E-01
138 1.578E-01
138.5 1.574E-01
139 1.571E-01
139.5 1.567E-01
140 1.564E-01
140.5 1.560E-01
141 1.557E-01
141.5 1.554E-01
142 1.550E-01
142.5 1.547E-01
143 1.544E-01
143.5 1.541E-01
144 1.538E-01
144.5 1.534E-01
145 1.531E-01
145.5 1.528E-01
146 1.525E-01
146.5 1.522E-01
147 1.519E-01
147.5 1.516E-01
148 1.513E-01
148.5 1.510E-01
149 1.507E-01
149.5 1.504E-01
150 1.501E-01
150.5 1.499E-01
151 1.496E-01
151.5 1.493E-01
152 1.490E-01
152.5 1.488E-01
153 1.485E-01
153.5 1.482E-01
154 1.479E-01
154.5 1.477E-01
155 1.474E-01
155.5 1.471E-01
156 1.469E-01
156.5 1.466E-01
157 1.464E-01
157.5 1.461E-01
158 1.459E-01
158.5 1.456E-01
159 1.454E-01
159.5 1.451E-01
160 1.449E-01
160.5 1.446E-01
161 1.444E-01
161.5 1.442E-01
162 1.439E-01
162.5 1.437E-01
163 1.435E-01
163.5 1.432E-01
164 1.430E-01
164.5 1.428E-01
165 1.425E-01
165.5 1.423E-01
166 1.421E-01
166.5 1.419E-01
167 1.416E-01
167.5 1.414E-01
168 1.412E-01
168.5 1.410E-01
169 1.408E-01
169.5 1.406E-01
170 1.404E-01
170.5 1.401E-01
171 1.399E-01
171.5 1.397E-01
172 1.395E-01
172.5 1.393E-01
173 1.391E-01
173.5 1.389E-01
174 1.387E-01
174.5 1.385E-01
175 1.383E-01
175.5 1.381E-01
176 1.379E-01
176.5 1.377E-01
177 1.375E-01
177.5 1.373E-01
178 1.371E-01
178.5 1.370E-01
179 1.368E-01
179.5 1.366E-01
180 1.364E-01
180.5 1.362E-01
181 1.360E-01
181.5 1.358E-01
182 1.357E-01
182.5 1.355E-01
183 1.353E-01
183.5 1.351E-01
184 1.349E-01
184.5 1.348E-01
185 1.346E-01
185.5 1.344E-01
186 1.342E-01
186.5 1.341E-01
187 1.339E-01
187.5 1.337E-01
188 1.335E-01
188.5 1.334E-01
189 1.332E-01
189.5 1.330E-01
190 1.329E-01
190.5 1.327E-01
191 1.325E-01
191.5 1.324E-01
192 1.322E-01
192.5 1.320E-01
193 1.319E-01
193.5 1.317E-01
194 1.316E-01
194.5 1.314E-01
195 1.313E-01
195.5 1.311E-01
196 1.309E-01
196.5 1.308E-01
197 1.306E-01
197.5 1.305E-01
198 1.303E-01
198.5 1.302E-01
199 1.300E-01
199.5 1.299E-01
200 1.297E-01
200.5 1.296E-01
201 1.294E-01
201.5 1.293E-01
202 1.291E-01
202.5 1.290E-01
203 1.288E-01
203.5 1.287E-01
204 1.285E-01
204.5 1.284E-01
205 1.282E-01
205.5 1.281E-01
206 1.280E-01
206.5 1.278E-01
207 1.277E-01
207.5 1.275E-01
208 1.274E-01
208.5 1.273E-01
209 1.271E-01
209.5 1.270E-01
210 1.268E-01
210.5 1.267E-01
211 1.266E-01
211.5 1.264E-01
212 1.263E-01
212.5 1.262E-01
213 1.260E-01
213.5 1.259E-01
214 1.258E-01
214.5 1.256E-01
215 1.255E-01
215.5 1.254E-01
216 1.252E-01
216.5 1.251E-01
217 1.250E-01
217.5 1.249E-01
218 1.247E-01
218.5 1.246E-01
219 1.245E-01
219.5 1.244E-01
220 1.242E-01
220.5 1.241E-01
221 1.240E-01
221.5 1.239E-01
222 1.237E-01
222.5 1.236E-01
223 1.235E-01
223.5 1.234E-01
224 1.232E-01
224.5 1.231E-01
225 1.230E-01
225.5 1.229E-01
226 1.228E-01
226.5 1.226E-01
227 1.225E-01
227.5 1.224E-01
228 1.223E-01
228.5 1.222E-01
229 1.220E-01
229.5 1.219E-01
230 1.218E-01
230.5 1.217E-01
231 1.216E-01
231.5 1.215E-01
232 1.214E-01
232.5 1.212E-01
233 1.211E-01
233.5 1.210E-01
234 1.209E-01
234.5 1.208E-01
235 1.207E-01
235.5 1.206E-01
236 1.204E-01
236.5 1.203E-01
237 1.202E-01
237.5 1.201E-01
238 1.200E-01
238.5 1.199E-01
239 1.198E-01
239.5 1.197E-01
240 1.196E-01
240.5 1.195E-01
241 1.194E-01
241.5 1.192E-01
242 1.191E-01
242.5 1.190E-01
243 1.189E-01
243.5 1.188E-01
244 1.187E-01
244.5 1.186E-01
245 1.185E-01
245.5 1.184E-01
246 1.183E-01
246.5 1.182E-01
247 1.181E-01
247.5 1.180E-01
248 1.179E-01
248.5 1.178E-01
249 1.177E-01
249.5 1.176E-01
250 1.175E-01
