 0.00000 1000000000.00000
 0.50000 69560.00000
 1.00000 10570.00000
 1.50000 4418.00000
 2.00000 2154.00000
 2.50000 1204.00000
 3.00000  748.80000
 3.50000  496.00000
 4.00000  347.30000
 4.50000  252.50000
 5.00000  189.90000
 5.50000  146.50000
 6.00000  115.60000
 6.50000   92.78000
 7.00000   75.71000
 7.50000   62.68000
 8.00000   52.55000
 8.50000   44.49000
 9.00000  276.80000
 9.50000  244.00000
10.00000  216.00000
10.50000  191.60000
11.00000  170.30000
11.50000  151.80000
12.00000  135.70000
12.50000  121.70000
13.00000  109.40000
13.50000   98.76000
14.00000   89.43000
14.50000   81.24000
15.00000   74.05000
15.50000   67.72000
16.00000   62.11000
16.50000   57.12000
17.00000   52.66000
17.50000   48.67000
18.00000   45.08000
18.50000   41.83000
19.00000   38.90000
19.50000   36.23000
20.00000   33.80000
20.50000   31.58000
21.00000   29.55000
21.50000   27.69000
22.00000   25.98000
22.50000   24.41000
23.00000   22.97000
23.50000   21.63000
24.00000   20.40000
24.50000   19.26000
25.00000   18.20000
25.50000   17.22000
26.00000   16.31000
26.50000   15.46000
27.00000   14.67000
27.50000   13.94000
28.00000   13.25000
28.50000   12.61000
29.00000   12.00000
29.50000   11.44000
30.00000   10.91000
30.50000   10.42000
31.00000    9.95100
31.50000    9.51400
32.00000    9.10100
32.50000    8.71300
33.00000    8.34700
33.50000    8.00100
34.00000    7.67400
34.50000    7.36600
35.00000    7.07400
35.50000    6.79700
36.00000    6.53500
36.50000    6.28600
37.00000    6.05100
37.50000    5.82700
38.00000    5.61400
38.50000    5.41200
39.00000    5.21900
39.50000    5.03600
40.00000    4.86200
40.50000    4.69500
41.00000    4.53700
41.50000    4.38500
42.00000    4.24100
42.50000    4.10300
43.00000    3.97100
43.50000    3.84500
44.00000    3.72400
44.50000    3.60900
45.00000    3.49800
45.50000    3.39200
46.00000    3.29100
46.50000    3.19400
47.00000    3.10000
47.50000    3.01100
48.00000    2.92500
48.50000    2.84200
49.00000    2.76300
49.50000    2.68600
50.00000    2.61300
50.50000    2.54200
51.00000    2.47400
51.50000    2.40900
52.00000    2.34600
52.50000    2.28500
53.00000    2.22700
53.50000    2.17000
54.00000    2.11600
54.50000    2.06400
55.00000    2.01300
55.50000    1.96400
56.00000    1.91700
56.50000    1.87200
57.00000    1.82800
57.50000    1.78500
58.00000    1.74400
58.50000    1.70400
59.00000    1.66600
59.50000    1.62900
60.00000    1.59300
60.50000    1.55800
61.00000    1.52400
61.50000    1.49100
62.00000    1.46000
62.50000    1.42900
63.00000    1.39900
63.50000    1.37000
64.00000    1.34200
64.50000    1.31500
65.00000    1.28900
65.50000    1.26300
66.00000    1.23900
66.50000    1.21500
67.00000    1.19100
67.50000    1.16800
68.00000    1.14600
68.50000    1.12500
69.00000    1.10400
69.50000    1.08400
70.00000    1.06400
70.50000    1.04500
71.00000    1.02600
71.50000    1.00800
72.00000    0.99060
72.50000    0.97340
73.00000    0.95670
73.50000    0.94040
74.00000    0.92460
74.50000    0.90910
75.00000    0.89410
75.50000    0.87940
76.00000    0.86520
76.50000    0.85120
77.00000    0.83770
77.50000    0.82440
78.00000    0.81150
78.50000    0.79890
79.00000    0.78660
79.50000    0.77470
80.00000    0.76300
80.50000    0.75160
81.00000    0.74040
81.50000    0.72950
82.00000    0.71890
82.50000    0.70850
83.00000    0.69840
83.50000    0.68850
84.00000    0.67880
84.50000    0.66940
85.00000    0.66020
85.50000    0.65110
86.00000    0.64230
86.50000    0.63370
87.00000    0.62520
87.50000    0.61700
88.00000    0.60890
88.50000    0.60100
89.00000    0.59330
89.50000    0.58570
90.00000    0.57830
90.50000    0.57110
91.00000    0.56400
91.50000    0.55710
92.00000    0.55030
92.50000    0.54360
93.00000    0.53710
93.50000    0.53070
94.00000    0.52450
94.50000    0.51840
95.00000    0.51240
95.50000    0.50650
96.00000    0.50070
96.50000    0.49510
97.00000    0.48950
97.50000    0.48410
98.00000    0.47880
98.50000    0.47360
99.00000    0.46840
99.50000    0.46340
100.00000    0.45850
100.50000    0.45370
101.00000    0.44890
101.50000    0.44430
102.00000    0.43970
102.50000    0.43520
103.00000    0.43080
103.50000    0.42650
104.00000    0.42230
104.50000    0.41810
105.00000    0.41410
105.50000    0.41000
106.00000    0.40610
106.50000    0.40220
107.00000    0.39840
107.50000    0.39470
108.00000    0.39110
108.50000    0.38750
109.00000    0.38390
109.50000    0.38040
110.00000    0.37700
110.50000    0.37370
111.00000    0.37040
111.50000    0.36710
112.00000    0.36390
112.50000    0.36080
113.00000    0.35770
113.50000    0.35470
114.00000    0.35170
114.50000    0.34880
115.00000    0.34590
115.50000    0.34300
116.00000    0.34030
116.50000    0.33750
117.00000    0.33480
117.50000    0.33210
118.00000    0.32950
118.50000    0.32700
119.00000    0.32440
119.50000    0.32190
120.00000    0.31950
120.50000    0.31710
121.00000    0.31470
121.50000    0.31230
122.00000    0.31000
122.50000    0.30780
123.00000    0.30550
123.50000    0.30330
124.00000    0.30110
124.50000    0.29900
125.00000    0.29690
125.50000    0.29480
126.00000    0.29280
126.50000    0.29080
127.00000    0.28880
127.50000    0.28680
128.00000    0.28490
128.50000    0.28300
129.00000    0.28110
129.50000    0.27930
130.00000    0.27750
130.50000    0.27570
131.00000    0.27390
131.50000    0.27220
132.00000    0.27050
132.50000    0.26880
133.00000    0.26710
133.50000    0.26540
134.00000    0.26380
134.50000    0.26220
135.00000    0.26060
135.50000    0.25910
136.00000    0.25750
136.50000    0.25600
137.00000    0.25450
137.50000    0.25300
138.00000    0.25160
138.50000    0.25020
139.00000    0.24870
139.50000    0.24730
140.00000    0.24600
140.50000    0.24460
141.00000    0.24320
141.50000    0.24190
142.00000    0.24060
142.50000    0.23930
143.00000    0.23800
143.50000    0.23680
144.00000    0.23550
144.50000    0.23430
145.00000    0.23310
145.50000    0.23190
146.00000    0.23070
146.50000    0.22950
147.00000    0.22840
147.50000    0.22720
148.00000    0.22610
148.50000    0.22500
149.00000    0.22390
149.50000    0.22280
150.00000    0.22170
150.50000    0.22060
151.00000    0.21960
151.50000    0.21860
152.00000    0.21750
152.50000    0.21650
153.00000    0.21550
153.50000    0.21450
154.00000    0.21350
154.50000    0.21260
155.00000    0.21160
155.50000    0.21070
156.00000    0.20970
156.50000    0.20880
157.00000    0.20790
157.50000    0.20700
158.00000    0.20610
158.50000    0.20520
159.00000    0.20440
159.50000    0.20350
160.00000    0.20260
160.50000    0.20180
161.00000    0.20100
161.50000    0.20010
162.00000    0.19930
162.50000    0.19850
163.00000    0.19770
163.50000    0.19690
164.00000    0.19610
164.50000    0.19540
165.00000    0.19460
165.50000    0.19380
166.00000    0.19310
166.50000    0.19230
167.00000    0.19160
167.50000    0.19090
168.00000    0.19020
168.50000    0.18940
169.00000    0.18870
169.50000    0.18800
170.00000    0.18740
170.50000    0.18670
171.00000    0.18600
171.50000    0.18530
172.00000    0.18470
172.50000    0.18400
173.00000    0.18340
173.50000    0.18270
174.00000    0.18210
174.50000    0.18140
175.00000    0.18080
175.50000    0.18020
176.00000    0.17960
176.50000    0.17900
177.00000    0.17840
177.50000    0.17780
178.00000    0.17720
178.50000    0.17660
179.00000    0.17600
179.50000    0.17550
180.00000    0.17490
180.50000    0.17430
181.00000    0.17380
181.50000    0.17320
182.00000    0.17270
182.50000    0.17210
183.00000    0.17160
183.50000    0.17110
184.00000    0.17050
184.50000    0.17000
185.00000    0.16950
185.50000    0.16900
186.00000    0.16850
186.50000    0.16800
187.00000    0.16750
187.50000    0.16700
188.00000    0.16650
188.50000    0.16600
189.00000    0.16550
189.50000    0.16510
190.00000    0.16460
190.50000    0.16410
191.00000    0.16370
191.50000    0.16320
192.00000    0.16270
192.50000    0.16230
193.00000    0.16180
193.50000    0.16140
194.00000    0.16090
194.50000    0.16050
195.00000    0.16010
195.50000    0.15960
196.00000    0.15920
196.50000    0.15880
197.00000    0.15840
197.50000    0.15800
198.00000    0.15750
198.50000    0.15710
199.00000    0.15670
199.50000    0.15630
200.00000    0.15590
200.50000    0.15550
201.00000    0.15510
201.50000    0.15480
202.00000    0.15440
202.50000    0.15400
203.00000    0.15360
203.50000    0.15320
204.00000    0.15290
204.50000    0.15250
205.00000    0.15210
205.50000    0.15170
206.00000    0.15140
206.50000    0.15100
207.00000    0.15070
207.50000    0.15030
208.00000    0.15000
208.50000    0.14960
209.00000    0.14930
209.50000    0.14890
210.00000    0.14860
210.50000    0.14820
211.00000    0.14790
211.50000    0.14760
212.00000    0.14720
212.50000    0.14690
213.00000    0.14660
213.50000    0.14630
214.00000    0.14590
214.50000    0.14560
215.00000    0.14530
215.50000    0.14500
216.00000    0.14470
216.50000    0.14440
217.00000    0.14410
217.50000    0.14380
218.00000    0.14340
218.50000    0.14310
219.00000    0.14280
219.50000    0.14260
220.00000    0.14230
220.50000    0.14200
221.00000    0.14170
221.50000    0.14140
222.00000    0.14110
222.50000    0.14080
223.00000    0.14050
223.50000    0.14020
224.00000    0.14000
224.50000    0.13970
225.00000    0.13940
225.50000    0.13910
226.00000    0.13890
226.50000    0.13860
227.00000    0.13830
227.50000    0.13810
228.00000    0.13780
228.50000    0.13750
229.00000    0.13730
229.50000    0.13700
230.00000    0.13680
230.50000    0.13650
231.00000    0.13630
231.50000    0.13600
232.00000    0.13570
232.50000    0.13550
233.00000    0.13530
233.50000    0.13500
234.00000    0.13480
234.50000    0.13450
235.00000    0.13430
235.50000    0.13400
236.00000    0.13380
236.50000    0.13360
237.00000    0.13330
237.50000    0.13310
238.00000    0.13290
238.50000    0.13260
239.00000    0.13240
239.50000    0.13220
240.00000    0.13190
240.50000    0.13170
241.00000    0.13150
241.50000    0.13130
242.00000    0.13100
242.50000    0.13080
243.00000    0.13060
243.50000    0.13040
244.00000    0.13020
244.50000    0.13000
245.00000    0.12970
245.50000    0.12950
246.00000    0.12930
246.50000    0.12910
247.00000    0.12890
247.50000    0.12870
248.00000    0.12850
248.50000    0.12830
249.00000    0.12810
249.50000    0.12790
250.00000    0.12770
