 0.00000    0.00000
 0.50000 23850.00000
 1.00000 3812.00000
 1.50000 1456.00000
 2.00000 1513.00000
 2.50000  859.10000
 3.00000  516.40000
 3.50000  338.10000
 4.00000  245.80000
 4.50000  206.90000
 5.00000  162.80000
 5.50000  125.30000
 6.00000   98.06000
 6.50000   78.24000
 7.00000   64.25000
 7.50000   81.95000
 8.00000   68.92000
 8.50000   58.43000
 9.00000   49.92000
 9.50000   42.96000
10.00000   37.24000
10.50000   32.49000
11.00000   28.53000
11.50000   25.19000
12.00000   22.36000
12.50000   19.94000
13.00000   17.86000
13.50000   16.06000
14.00000   14.50000
14.50000   13.13000
15.00000   11.93000
15.50000   10.88000
16.00000    9.94600
16.50000    9.11800
17.00000    8.38100
17.50000    7.72200
18.00000    7.13200
18.50000    6.60100
19.00000    6.12300
19.50000    5.69100
20.00000    5.30000
20.50000    4.94500
21.00000    4.62200
21.50000    4.32700
22.00000    4.05800
22.50000    3.81100
23.00000    3.58500
23.50000    3.37700
24.00000    3.18600
24.50000    3.00900
25.00000    2.84600
25.50000    2.69600
26.00000    2.55600
26.50000    2.42600
27.00000    2.30600
27.50000    2.19400
28.00000    2.09000
28.50000    1.99200
29.00000    1.90100
29.50000    1.81700
30.00000    1.73700
30.50000    1.66300
31.00000    1.59300
31.50000    1.52700
32.00000    1.46600
32.50000    1.40800
33.00000    1.35300
33.50000    1.30200
34.00000    1.25300
34.50000    1.20700
35.00000    1.16400
35.50000    1.12300
36.00000    1.08400
36.50000    1.04800
37.00000    1.01300
37.50000    0.98010
38.00000    0.94880
38.50000    0.91910
39.00000    0.89090
39.50000    0.86400
40.00000    0.83850
40.50000    0.81410
41.00000    0.79090
41.50000    0.76880
42.00000    0.74780
42.50000    0.72760
43.00000    0.70840
43.50000    0.69010
44.00000    0.67250
44.50000    0.65570
45.00000    0.63960
45.50000    0.62420
46.00000    0.60950
46.50000    0.59540
47.00000    0.58180
47.50000    0.56880
48.00000    0.55640
48.50000    0.54440
49.00000    0.53290
49.50000    0.52180
50.00000    0.51120
50.50000    0.50100
51.00000    0.49110
51.50000    0.48160
52.00000    0.47250
52.50000    0.46370
53.00000    0.45530
53.50000    0.44710
54.00000    0.43920
54.50000    0.43160
55.00000    0.42430
55.50000    0.41720
56.00000    0.41040
56.50000    0.40370
57.00000    0.39740
57.50000    0.39120
58.00000    0.38520
58.50000    0.37940
59.00000    0.37380
59.50000    0.36840
60.00000    0.36320
60.50000    0.35810
61.00000    0.35320
61.50000    0.34840
62.00000    0.34380
62.50000    0.33930
63.00000    0.33490
63.50000    0.33070
64.00000    0.32660
64.50000    0.32260
65.00000    0.31880
65.50000    0.31500
66.00000    0.31140
66.50000    0.30780
67.00000    0.30440
67.50000    0.30100
68.00000    0.29770
68.50000    0.29460
69.00000    0.29150
69.50000    0.28850
70.00000    0.28560
70.50000    0.28270
71.00000    0.27990
71.50000    0.27720
72.00000    0.27460
72.50000    0.27200
73.00000    0.26950
73.50000    0.26710
74.00000    0.26470
74.50000    0.26240
75.00000    0.26010
75.50000    0.25790
76.00000    0.25580
76.50000    0.25370
77.00000    0.25160
77.50000    0.24960
78.00000    0.24760
78.50000    0.24570
79.00000    0.24380
79.50000    0.24200
80.00000    0.24020
80.50000    0.23850
81.00000    0.23670
81.50000    0.23510
82.00000    0.23340
82.50000    0.23180
83.00000    0.23030
83.50000    0.22870
84.00000    0.22720
84.50000    0.22580
85.00000    0.22430
85.50000    0.22290
86.00000    0.22150
86.50000    0.22020
87.00000    0.21880
87.50000    0.21750
88.00000    0.21630
88.50000    0.21500
89.00000    0.21380
89.50000    0.21260
90.00000    0.21140
90.50000    0.21020
91.00000    0.20910
91.50000    0.20800
92.00000    0.20690
92.50000    0.20580
93.00000    0.20480
93.50000    0.20370
94.00000    0.20270
94.50000    0.20170
95.00000    0.20070
95.50000    0.19980
96.00000    0.19880
96.50000    0.19790
97.00000    0.19700
97.50000    0.19610
98.00000    0.19520
98.50000    0.19430
99.00000    0.19350
99.50000    0.19260
100.00000    0.19180
100.50000    0.19100
101.00000    0.19020
101.50000    0.18940
102.00000    0.18860
102.50000    0.18780
103.00000    0.18710
103.50000    0.18630
104.00000    0.18560
104.50000    0.18490
105.00000    0.18420
105.50000    0.18350
106.00000    0.18280
106.50000    0.18210
107.00000    0.18150
107.50000    0.18080
108.00000    0.18020
108.50000    0.17950
109.00000    0.17890
109.50000    0.17830
110.00000    0.17770
110.50000    0.17710
111.00000    0.17650
111.50000    0.17590
112.00000    0.17530
112.50000    0.17470
113.00000    0.17420
113.50000    0.17360
114.00000    0.17310
114.50000    0.17250
115.00000    0.17200
115.50000    0.17150
116.00000    0.17100
116.50000    0.17040
117.00000    0.16990
117.50000    0.16940
118.00000    0.16890
118.50000    0.16850
119.00000    0.16800
119.50000    0.16750
120.00000    0.16700
120.50000    0.16660
121.00000    0.16610
121.50000    0.16570
122.00000    0.16520
122.50000    0.16480
123.00000    0.16430
123.50000    0.16390
124.00000    0.16350
124.50000    0.16300
125.00000    0.16260
125.50000    0.16220
126.00000    0.16180
126.50000    0.16140
127.00000    0.16100
127.50000    0.16060
128.00000    0.16020
128.50000    0.15980
129.00000    0.15940
129.50000    0.15910
130.00000    0.15870
130.50000    0.15830
131.00000    0.15800
131.50000    0.15760
132.00000    0.15720
132.50000    0.15690
133.00000    0.15650
133.50000    0.15620
134.00000    0.15580
134.50000    0.15550
135.00000    0.15520
135.50000    0.15480
136.00000    0.15450
136.50000    0.15420
137.00000    0.15380
137.50000    0.15350
138.00000    0.15320
138.50000    0.15290
139.00000    0.15260
139.50000    0.15220
140.00000    0.15190
140.50000    0.15160
141.00000    0.15130
141.50000    0.15100
142.00000    0.15070
142.50000    0.15040
143.00000    0.15010
143.50000    0.14990
144.00000    0.14960
144.50000    0.14930
145.00000    0.14900
145.50000    0.14870
146.00000    0.14850
146.50000    0.14820
147.00000    0.14790
147.50000    0.14760
148.00000    0.14740
148.50000    0.14710
149.00000    0.14680
149.50000    0.14660
150.00000    0.14630
150.50000    0.14610
151.00000    0.14580
151.50000    0.14550
152.00000    0.14530
152.50000    0.14500
153.00000    0.14480
153.50000    0.14460
154.00000    0.14430
154.50000    0.14410
155.00000    0.14380
155.50000    0.14360
156.00000    0.14340
156.50000    0.14310
157.00000    0.14290
157.50000    0.14270
158.00000    0.14240
158.50000    0.14220
159.00000    0.14200
159.50000    0.14170
160.00000    0.14150
160.50000    0.14130
161.00000    0.14110
161.50000    0.14090
162.00000    0.14060
162.50000    0.14040
163.00000    0.14020
163.50000    0.14000
164.00000    0.13980
164.50000    0.13960
165.00000    0.13940
165.50000    0.13920
166.00000    0.13900
166.50000    0.13880
167.00000    0.13860
167.50000    0.13840
168.00000    0.13820
168.50000    0.13800
169.00000    0.13780
169.50000    0.13760
170.00000    0.13740
170.50000    0.13720
171.00000    0.13700
171.50000    0.13680
172.00000    0.13660
172.50000    0.13640
173.00000    0.13620
173.50000    0.13600
174.00000    0.13590
174.50000    0.13570
175.00000    0.13550
175.50000    0.13530
176.00000    0.13510
176.50000    0.13490
177.00000    0.13480
177.50000    0.13460
178.00000    0.13440
178.50000    0.13420
179.00000    0.13410
179.50000    0.13390
180.00000    0.13370
180.50000    0.13350
181.00000    0.13340
181.50000    0.13320
182.00000    0.13300
182.50000    0.13290
183.00000    0.13270
183.50000    0.13250
184.00000    0.13240
184.50000    0.13220
185.00000    0.13200
185.50000    0.13190
186.00000    0.13170
186.50000    0.13150
187.00000    0.13140
187.50000    0.13120
188.00000    0.13110
188.50000    0.13090
189.00000    0.13070
189.50000    0.13060
190.00000    0.13040
190.50000    0.13030
191.00000    0.13010
191.50000    0.13000
192.00000    0.12980
192.50000    0.12970
193.00000    0.12950
193.50000    0.12940
194.00000    0.12920
194.50000    0.12910
195.00000    0.12890
195.50000    0.12880
196.00000    0.12860
196.50000    0.12850
197.00000    0.12830
197.50000    0.12820
198.00000    0.12800
198.50000    0.12790
199.00000    0.12780
199.50000    0.12760
200.00000    0.12750
200.50000    0.12730
201.00000    0.12720
201.50000    0.12710
202.00000    0.12690
202.50000    0.12680
203.00000    0.12660
203.50000    0.12650
204.00000    0.12640
204.50000    0.12620
205.00000    0.12610
205.50000    0.12600
206.00000    0.12580
206.50000    0.12570
207.00000    0.12560
207.50000    0.12540
208.00000    0.12530
208.50000    0.12520
209.00000    0.12500
209.50000    0.12490
210.00000    0.12480
210.50000    0.12460
211.00000    0.12450
211.50000    0.12440
212.00000    0.12430
212.50000    0.12410
213.00000    0.12400
213.50000    0.12390
214.00000    0.12380
214.50000    0.12360
215.00000    0.12350
215.50000    0.12340
216.00000    0.12330
216.50000    0.12310
217.00000    0.12300
217.50000    0.12290
218.00000    0.12280
218.50000    0.12270
219.00000    0.12250
219.50000    0.12240
220.00000    0.12230
220.50000    0.12220
221.00000    0.12210
221.50000    0.12190
222.00000    0.12180
222.50000    0.12170
223.00000    0.12160
223.50000    0.12150
224.00000    0.12140
224.50000    0.12120
225.00000    0.12110
225.50000    0.12100
226.00000    0.12090
226.50000    0.12080
227.00000    0.12070
227.50000    0.12060
228.00000    0.12040
228.50000    0.12030
229.00000    0.12020
229.50000    0.12010
230.00000    0.12000
230.50000    0.11990
231.00000    0.11980
231.50000    0.11970
232.00000    0.11960
232.50000    0.11950
233.00000    0.11930
233.50000    0.11920
234.00000    0.11910
234.50000    0.11900
235.00000    0.11890
235.50000    0.11880
236.00000    0.11870
236.50000    0.11860
237.00000    0.11850
237.50000    0.11840
238.00000    0.11830
238.50000    0.11820
239.00000    0.11810
239.50000    0.11800
240.00000    0.11790
240.50000    0.11780
241.00000    0.11770
241.50000    0.11760
242.00000    0.11750
242.50000    0.11740
243.00000    0.11730
243.50000    0.11720
244.00000    0.11710
244.50000    0.11700
245.00000    0.11690
245.50000    0.11680
246.00000    0.11670
246.50000    0.11660
247.00000    0.11650
247.50000    0.11640
248.00000    0.11630
248.50000    0.11620
249.00000    0.11610
249.50000    0.11600
250.00000    0.11590
