0 1e5
0.5 3.415E+04
1 5.869E+03
1.5 2.096E+03
2 9.861E+02
2.5 5.416E+02
3 3.323E+02
3.5 2.182E+02
4 1.518E+02
4.5 1.098E+02
5 6.838E+02
5.5 5.646E+02
6 4.324E+02
6.5 3.434E+02
7 2.830E+02
7.5 2.381E+02
8 2.024E+02
8.5 1.727E+02
9 1.480E+02
9.5 1.276E+02
10 1.107E+02
10.5 9.669E+01
11 8.501E+01
11.5 7.517E+01
12 6.681E+01
12.5 5.966E+01
13 5.351E+01
13.5 4.817E+01
14 4.352E+01
14.5 3.945E+01
15 3.587E+01
15.5 3.271E+01
16 2.991E+01
16.5 2.741E+01
17 2.519E+01
17.5 2.320E+01
18 2.141E+01
18.5 1.980E+01
19 1.835E+01
19.5 1.704E+01
20 1.585E+01
20.5 1.477E+01
21 1.379E+01
21.5 1.289E+01
22 1.207E+01
22.5 1.132E+01
23 1.063E+01
23.5 9.993E+00
24 9.408E+00
24.5 8.869E+00
25 8.371E+00
25.5 7.909E+00
26 7.482E+00
26.5 7.085E+00
27 6.716E+00
27.5 6.373E+00
28 6.053E+00
28.5 5.755E+00
29 5.476E+00
29.5 5.215E+00
30 4.971E+00
30.5 4.743E+00
31 4.528E+00
31.5 4.327E+00
32 4.138E+00
32.5 3.960E+00
33 3.792E+00
33.5 3.634E+00
34 3.485E+00
34.5 3.344E+00
35 3.212E+00
35.5 3.086E+00
36 2.967E+00
36.5 2.855E+00
37 2.748E+00
37.5 2.647E+00
38 2.551E+00
38.5 2.460E+00
39 2.373E+00
39.5 2.291E+00
40 2.213E+00
40.5 2.138E+00
41 2.067E+00
41.5 2.000E+00
42 1.935E+00
42.5 1.874E+00
43 1.815E+00
43.5 1.759E+00
44 1.705E+00
44.5 1.654E+00
45 1.605E+00
45.5 1.558E+00
46 1.513E+00
46.5 1.470E+00
47 1.428E+00
47.5 1.389E+00
48 1.351E+00
48.5 1.314E+00
49 1.279E+00
49.5 1.246E+00
50 1.213E+00
50.5 1.182E+00
51 1.152E+00
51.5 1.124E+00
52 1.096E+00
52.5 1.069E+00
53 1.044E+00
53.5 1.019E+00
54 9.951E-01
54.5 9.721E-01
55 9.499E-01
55.5 9.285E-01
56 9.079E-01
56.5 8.879E-01
57 8.687E-01
57.5 8.501E-01
58 8.321E-01
58.5 8.148E-01
59 7.980E-01
59.5 7.817E-01
60 7.660E-01
60.5 7.508E-01
61 7.361E-01
61.5 7.219E-01
62 7.081E-01
62.5 6.947E-01
63 6.818E-01
63.5 6.692E-01
64 6.570E-01
64.5 6.452E-01
65 6.338E-01
65.5 6.227E-01
66 6.119E-01
66.5 6.014E-01
67 5.913E-01
67.5 5.814E-01
68 5.718E-01
68.5 5.625E-01
69 5.535E-01
69.5 5.447E-01
70 5.361E-01
70.5 5.278E-01
71 5.197E-01
71.5 5.118E-01
72 5.042E-01
72.5 4.967E-01
73 4.894E-01
73.5 4.824E-01
74 4.755E-01
74.5 4.688E-01
75 4.623E-01
75.5 4.559E-01
76 4.497E-01
76.5 4.436E-01
77 4.377E-01
77.5 4.320E-01
78 4.264E-01
78.5 4.209E-01
79 4.155E-01
79.5 4.103E-01
80 4.052E-01
80.5 4.003E-01
81 3.954E-01
81.5 3.907E-01
82 3.861E-01
82.5 3.815E-01
83 3.771E-01
83.5 3.728E-01
84 3.686E-01
84.5 3.645E-01
85 3.605E-01
85.5 3.565E-01
86 3.527E-01
86.5 3.489E-01
87 3.452E-01
87.5 3.416E-01
88 3.381E-01
88.5 3.346E-01
89 3.312E-01
89.5 3.279E-01
90 3.247E-01
90.5 3.215E-01
91 3.184E-01
91.5 3.154E-01
92 3.124E-01
92.5 3.095E-01
93 3.066E-01
93.5 3.038E-01
94 3.011E-01
94.5 2.984E-01
95 2.958E-01
95.5 2.932E-01
96 2.907E-01
96.5 2.882E-01
97 2.857E-01
97.5 2.834E-01
98 2.810E-01
98.5 2.787E-01
99 2.765E-01
99.5 2.742E-01
100 2.721E-01
100.5 2.699E-01
101 2.679E-01
101.5 2.658E-01
102 2.638E-01
102.5 2.618E-01
103 2.599E-01
103.5 2.580E-01
104 2.561E-01
104.5 2.542E-01
105 2.524E-01
105.5 2.507E-01
106 2.489E-01
106.5 2.472E-01
107 2.455E-01
107.5 2.439E-01
108 2.422E-01
108.5 2.406E-01
109 2.391E-01
109.5 2.375E-01
110 2.360E-01
110.5 2.345E-01
111 2.330E-01
111.5 2.316E-01
112 2.301E-01
112.5 2.287E-01
113 2.274E-01
113.5 2.260E-01
114 2.247E-01
114.5 2.234E-01
115 2.221E-01
115.5 2.208E-01
116 2.195E-01
116.5 2.183E-01
117 2.171E-01
117.5 2.159E-01
118 2.147E-01
118.5 2.135E-01
119 2.124E-01
119.5 2.113E-01
120 2.102E-01
120.5 2.091E-01
121 2.080E-01
121.5 2.069E-01
122 2.059E-01
122.5 2.049E-01
123 2.038E-01
123.5 2.028E-01
124 2.019E-01
124.5 2.009E-01
125 1.999E-01
125.5 1.990E-01
126 1.980E-01
126.5 1.971E-01
127 1.962E-01
127.5 1.953E-01
128 1.944E-01
128.5 1.936E-01
129 1.927E-01
129.5 1.919E-01
130 1.910E-01
130.5 1.902E-01
131 1.894E-01
131.5 1.886E-01
132 1.878E-01
132.5 1.870E-01
133 1.862E-01
133.5 1.855E-01
134 1.847E-01
134.5 1.840E-01
135 1.832E-01
135.5 1.825E-01
136 1.818E-01
136.5 1.811E-01
137 1.804E-01
137.5 1.797E-01
138 1.790E-01
138.5 1.784E-01
139 1.777E-01
139.5 1.770E-01
140 1.764E-01
140.5 1.757E-01
141 1.751E-01
141.5 1.745E-01
142 1.739E-01
142.5 1.733E-01
143 1.726E-01
143.5 1.721E-01
144 1.715E-01
144.5 1.709E-01
145 1.703E-01
145.5 1.697E-01
146 1.692E-01
146.5 1.686E-01
147 1.681E-01
147.5 1.675E-01
148 1.670E-01
148.5 1.664E-01
149 1.659E-01
149.5 1.654E-01
150 1.649E-01
150.5 1.644E-01
151 1.638E-01
151.5 1.633E-01
152 1.629E-01
152.5 1.624E-01
153 1.619E-01
153.5 1.614E-01
154 1.609E-01
154.5 1.605E-01
155 1.600E-01
155.5 1.595E-01
156 1.591E-01
156.5 1.586E-01
157 1.582E-01
157.5 1.577E-01
158 1.573E-01
158.5 1.569E-01
159 1.564E-01
159.5 1.560E-01
160 1.556E-01
160.5 1.552E-01
161 1.548E-01
161.5 1.543E-01
162 1.539E-01
162.5 1.535E-01
163 1.531E-01
163.5 1.527E-01
164 1.524E-01
164.5 1.520E-01
165 1.516E-01
165.5 1.512E-01
166 1.508E-01
166.5 1.505E-01
167 1.501E-01
167.5 1.497E-01
168 1.494E-01
168.5 1.490E-01
169 1.486E-01
169.5 1.483E-01
170 1.479E-01
170.5 1.476E-01
171 1.473E-01
171.5 1.469E-01
172 1.466E-01
172.5 1.462E-01
173 1.459E-01
173.5 1.456E-01
174 1.453E-01
174.5 1.449E-01
175 1.446E-01
175.5 1.443E-01
176 1.440E-01
176.5 1.437E-01
177 1.434E-01
177.5 1.430E-01
178 1.427E-01
178.5 1.424E-01
179 1.421E-01
179.5 1.418E-01
180 1.415E-01
180.5 1.413E-01
181 1.410E-01
181.5 1.407E-01
182 1.404E-01
182.5 1.401E-01
183 1.398E-01
183.5 1.395E-01
184 1.393E-01
184.5 1.390E-01
185 1.387E-01
185.5 1.384E-01
186 1.382E-01
186.5 1.379E-01
187 1.376E-01
187.5 1.374E-01
188 1.371E-01
188.5 1.369E-01
189 1.366E-01
189.5 1.363E-01
190 1.361E-01
190.5 1.358E-01
191 1.356E-01
191.5 1.353E-01
192 1.351E-01
192.5 1.349E-01
193 1.346E-01
193.5 1.344E-01
194 1.341E-01
194.5 1.339E-01
195 1.337E-01
195.5 1.334E-01
196 1.332E-01
196.5 1.330E-01
197 1.327E-01
197.5 1.325E-01
198 1.323E-01
198.5 1.321E-01
199 1.318E-01
199.5 1.316E-01
200 1.314E-01
200.5 1.312E-01
201 1.310E-01
201.5 1.307E-01
202 1.305E-01
202.5 1.303E-01
203 1.301E-01
203.5 1.299E-01
204 1.297E-01
204.5 1.295E-01
205 1.293E-01
205.5 1.291E-01
206 1.289E-01
206.5 1.287E-01
207 1.284E-01
207.5 1.282E-01
208 1.281E-01
208.5 1.279E-01
209 1.277E-01
209.5 1.275E-01
210 1.273E-01
210.5 1.271E-01
211 1.269E-01
211.5 1.267E-01
212 1.265E-01
212.5 1.263E-01
213 1.261E-01
213.5 1.259E-01
214 1.258E-01
214.5 1.256E-01
215 1.254E-01
215.5 1.252E-01
216 1.250E-01
216.5 1.249E-01
217 1.247E-01
217.5 1.245E-01
218 1.243E-01
218.5 1.241E-01
219 1.240E-01
219.5 1.238E-01
220 1.236E-01
220.5 1.235E-01
221 1.233E-01
221.5 1.231E-01
222 1.229E-01
222.5 1.228E-01
223 1.226E-01
223.5 1.224E-01
224 1.223E-01
224.5 1.221E-01
225 1.220E-01
225.5 1.218E-01
226 1.216E-01
226.5 1.215E-01
227 1.213E-01
227.5 1.212E-01
228 1.210E-01
228.5 1.208E-01
229 1.207E-01
229.5 1.205E-01
230 1.204E-01
230.5 1.202E-01
231 1.201E-01
231.5 1.199E-01
232 1.198E-01
232.5 1.196E-01
233 1.195E-01
233.5 1.193E-01
234 1.192E-01
234.5 1.190E-01
235 1.189E-01
235.5 1.187E-01
236 1.186E-01
236.5 1.184E-01
237 1.183E-01
237.5 1.181E-01
238 1.180E-01
238.5 1.179E-01
239 1.177E-01
239.5 1.176E-01
240 1.174E-01
240.5 1.173E-01
241 1.172E-01
241.5 1.170E-01
242 1.169E-01
242.5 1.168E-01
243 1.166E-01
243.5 1.165E-01
244 1.163E-01
244.5 1.162E-01
245 1.161E-01
245.5 1.159E-01
246 1.158E-01
246.5 1.157E-01
247 1.156E-01
247.5 1.154E-01
248 1.153E-01
248.5 1.152E-01
249 1.150E-01
249.5 1.149E-01
250 1.148E-01
