 0.00000 1000000000.00000
 0.50000 14690.00000
 1.00000 3683.00000
 1.50000 1644.00000
 2.00000 3921.00000
 2.50000 2627.00000
 3.00000 1902.00000
 3.50000 1316.00000
 4.00000  956.30000
 4.50000  716.20000
 5.00000  553.20000
 5.50000  436.20000
 6.00000  351.30000
 6.50000  287.20000
 7.00000  238.30000
 7.50000  200.40000
 8.00000  170.50000
 8.50000  146.20000
 9.00000  126.50000
 9.50000  110.30000
10.00000   96.90000
10.50000  216.60000
11.00000  191.70000
11.50000  170.60000
12.00000  210.70000
12.50000  219.50000
13.00000  198.90000
13.50000  180.90000
14.00000  165.10000
14.50000  151.20000
15.00000  138.90000
15.50000  127.50000
16.00000  117.40000
16.50000  108.30000
17.00000  100.20000
17.50000   92.96000
18.00000   86.39000
18.50000   80.46000
19.00000   75.07000
19.50000   70.18000
20.00000   65.72000
20.50000   61.58000
21.00000   57.80000
21.50000   54.33000
22.00000   51.14000
22.50000   48.21000
23.00000   45.51000
23.50000   43.01000
24.00000   40.70000
24.50000   38.56000
25.00000   36.58000
25.50000   34.73000
26.00000   33.01000
26.50000   31.41000
27.00000   29.91000
27.50000   28.51000
28.00000   27.20000
28.50000   25.98000
29.00000   24.83000
29.50000   23.74000
30.00000   22.73000
30.50000   21.76000
31.00000   20.84000
31.50000   19.98000
32.00000   19.17000
32.50000   18.40000
33.00000   17.67000
33.50000   16.99000
34.00000   16.34000
34.50000   15.72000
35.00000   15.14000
35.50000   14.58000
36.00000   14.06000
36.50000   13.56000
37.00000   13.08000
37.50000   12.63000
38.00000   12.20000
38.50000   11.79000
39.00000   11.40000
39.50000   11.03000
40.00000   10.67000
40.50000   10.33000
41.00000    9.99700
41.50000    9.68300
42.00000    9.38300
42.50000    9.09600
43.00000    8.82100
43.50000    8.55700
44.00000    8.30500
44.50000    8.06200
45.00000    7.83000
45.50000    7.60700
46.00000    7.39300
46.50000    7.18700
47.00000    6.98900
47.50000    6.79900
48.00000    6.61600
48.50000    6.44000
49.00000    6.27100
49.50000    6.10700
50.00000    5.95000
50.50000    5.79800
51.00000    5.65100
51.50000    5.50900
52.00000    5.37200
52.50000    5.24000
53.00000    5.11300
53.50000    4.99000
54.00000    4.87100
54.50000    4.75600
55.00000    4.64500
55.50000    4.53700
56.00000    4.43300
56.50000    4.33300
57.00000    4.23600
57.50000    4.14100
58.00000    4.05000
58.50000    3.96200
59.00000    3.87600
59.50000    3.79300
60.00000    3.71300
60.50000    3.63400
61.00000    3.55800
61.50000    3.48500
62.00000    3.41300
62.50000    3.34400
63.00000    3.27600
63.50000    3.21100
64.00000    3.14700
64.50000    3.08500
65.00000    3.02500
65.50000    2.96700
66.00000    2.91000
66.50000    2.85500
67.00000    2.80100
67.50000    2.74900
68.00000    2.69800
68.50000    2.64900
69.00000    2.60100
69.50000    2.55400
70.00000   11.04000
70.50000   10.83000
71.00000   10.64000
71.50000   10.44000
72.00000   10.25000
72.50000   10.07000
73.00000    9.89300
73.50000    9.71900
74.00000    9.55000
74.50000    9.38400
75.00000    9.22300
75.50000    9.06500
76.00000    8.91200
76.50000    8.76200
77.00000    8.61600
77.50000    8.47300
78.00000    8.33400
78.50000    8.19800
79.00000    8.06500
79.50000    7.93500
80.00000    7.80900
80.50000    7.68500
81.00000    7.56400
81.50000    7.44600
82.00000    7.33100
82.50000    7.21800
83.00000    7.10800
83.50000    7.00000
84.00000    6.89500
84.50000    6.79200
85.00000    6.69100
85.50000    6.59200
86.00000    6.49500
86.50000    6.40100
87.00000    6.30800
87.50000    6.21700
88.00000    6.12800
88.50000    6.04100
89.00000    5.95600
89.50000    5.87200
90.00000    5.79000
90.50000    5.71000
91.00000    5.63100
91.50000    5.55300
92.00000    5.47800
92.50000    5.40300
93.00000    5.33000
93.50000    5.25800
94.00000    5.18800
94.50000    5.11900
95.00000    5.05100
95.50000    4.98500
96.00000    4.92000
96.50000    4.85500
97.00000    4.79200
97.50000    4.73100
98.00000    4.67000
98.50000    4.61000
99.00000    4.55100
99.50000    4.49400
100.00000    4.43700
100.50000    4.38100
101.00000    4.32600
101.50000    4.27300
102.00000    4.22000
102.50000    4.16700
103.00000    4.11600
103.50000    4.06600
104.00000    4.01600
104.50000    3.96800
105.00000    3.92000
105.50000    3.87300
106.00000    3.82600
106.50000    3.78100
107.00000    3.73600
107.50000    3.69200
108.00000    3.64800
108.50000    3.60500
109.00000    3.56300
109.50000    3.52200
110.00000    3.48100
110.50000    3.44100
111.00000    3.40200
111.50000    3.36300
112.00000    3.32500
112.50000    3.28700
113.00000    3.25000
113.50000    3.21400
114.00000    3.17800
114.50000    3.14200
115.00000    3.10800
115.50000    3.07300
116.00000    3.03900
116.50000    3.00600
117.00000    2.97300
117.50000    2.94100
118.00000    2.90900
118.50000    2.87800
119.00000    2.84700
119.50000    2.81700
120.00000    2.78700
120.50000    2.75800
121.00000    2.72900
121.50000    2.70000
122.00000    2.67200
122.50000    2.64400
123.00000    2.61700
123.50000    2.59000
124.00000    2.56300
124.50000    2.53700
125.00000    2.51100
125.50000    2.48500
126.00000    2.46000
126.50000    2.43600
127.00000    2.41100
127.50000    2.38700
128.00000    2.36300
128.50000    2.34000
129.00000    2.31700
129.50000    2.29400
130.00000    2.27200
130.50000    2.25000
131.00000    2.22800
131.50000    2.20600
132.00000    2.18500
132.50000    2.16400
133.00000    2.14300
133.50000    2.12300
134.00000    2.10300
134.50000    2.08300
135.00000    2.06400
135.50000    2.04400
136.00000    2.02500
136.50000    2.00600
137.00000    1.98800
137.50000    1.97000
138.00000    1.95200
138.50000    1.93400
139.00000    1.91600
139.50000    1.89900
140.00000    1.88200
140.50000    1.86500
141.00000    1.84800
141.50000    1.83200
142.00000    1.81500
142.50000    1.79900
143.00000    1.78300
143.50000    1.76800
144.00000    1.75200
144.50000    1.73700
145.00000    1.72200
145.50000    1.70700
146.00000    1.69200
146.50000    1.67800
147.00000    1.66400
147.50000    1.64900
148.00000    1.63500
148.50000    1.62200
149.00000    1.60800
149.50000    1.59500
150.00000    1.58100
150.50000    1.56800
151.00000    1.55500
151.50000    1.54200
152.00000    1.53000
152.50000    1.51700
153.00000    1.50500
153.50000    1.49300
154.00000    1.48000
154.50000    1.46900
155.00000    1.45700
155.50000    1.44500
156.00000    1.43400
156.50000    1.42200
157.00000    1.41100
157.50000    1.40000
158.00000    1.38900
158.50000    1.37800
159.00000    1.36700
159.50000    1.35700
160.00000    1.34600
160.50000    1.33600
161.00000    1.32600
161.50000    1.31500
162.00000    1.30500
162.50000    1.29500
163.00000    1.28600
163.50000    1.27600
164.00000    1.26600
164.50000    1.25700
165.00000    1.24800
165.50000    1.23800
166.00000    1.22900
166.50000    1.22000
167.00000    1.21100
167.50000    1.20200
168.00000    1.19300
168.50000    1.18500
169.00000    1.17600
169.50000    1.16800
170.00000    1.15900
170.50000    1.15100
171.00000    1.14300
171.50000    1.13500
172.00000    1.12700
172.50000    1.11900
173.00000    1.11100
173.50000    1.10300
174.00000    1.09500
174.50000    1.08800
175.00000    1.08000
175.50000    1.07300
176.00000    1.06500
176.50000    1.05800
177.00000    1.05100
177.50000    1.04300
178.00000    1.03600
178.50000    1.02900
179.00000    1.02200
179.50000    1.01600
180.00000    1.00900
180.50000    1.00200
181.00000    0.99530
181.50000    0.98870
182.00000    0.98220
182.50000    0.97570
183.00000    0.96930
183.50000    0.96290
184.00000    0.95660
184.50000    0.95040
185.00000    0.94430
185.50000    0.93820
186.00000    0.93210
186.50000    0.92610
187.00000    0.92020
187.50000    0.91430
188.00000    0.90850
188.50000    0.90280
189.00000    0.89710
189.50000    0.89140
190.00000    0.88590
190.50000    0.88030
191.00000    0.87480
191.50000    0.86940
192.00000    0.86400
192.50000    0.85870
193.00000    0.85340
193.50000    0.84820
194.00000    0.84300
194.50000    0.83790
195.00000    0.83280
195.50000    0.82780
196.00000    0.82280
196.50000    0.81780
197.00000    0.81290
197.50000    0.80810
198.00000    0.80330
198.50000    0.79850
199.00000    0.79380
199.50000    0.78910
200.00000    0.78450
200.50000    0.77990
201.00000    0.77530
201.50000    0.77080
202.00000    0.76630
202.50000    0.76190
203.00000    0.75750
203.50000    0.75320
204.00000    0.74890
204.50000    0.74460
205.00000    0.74030
205.50000    0.73610
206.00000    0.73200
206.50000    0.72790
207.00000    0.72380
207.50000    0.71970
208.00000    0.71570
208.50000    0.71170
209.00000    0.70780
209.50000    0.70380
210.00000    0.70000
210.50000    0.69610
211.00000    0.69230
211.50000    0.68850
212.00000    0.68480
212.50000    0.68110
213.00000    0.67740
213.50000    0.67370
214.00000    0.67010
214.50000    0.66650
215.00000    0.66290
215.50000    0.65940
216.00000    0.65590
216.50000    0.65240
217.00000    0.64900
217.50000    0.64560
218.00000    0.64220
218.50000    0.63880
219.00000    0.63550
219.50000    0.63220
220.00000    0.62890
220.50000    0.62570
221.00000    0.62240
221.50000    0.61920
222.00000    0.61610
222.50000    0.61290
223.00000    0.60980
223.50000    0.60670
224.00000    0.60360
224.50000    0.60060
225.00000    0.59760
225.50000    0.59460
226.00000    0.59160
226.50000    0.58870
227.00000    0.58570
227.50000    0.58280
228.00000    0.58000
228.50000    0.57710
229.00000    0.57430
229.50000    0.57150
230.00000    0.56870
230.50000    0.56590
231.00000    0.56320
231.50000    0.56040
232.00000    0.55770
232.50000    0.55510
233.00000    0.55240
233.50000    0.54980
234.00000    0.54710
234.50000    0.54450
235.00000    0.54200
235.50000    0.53940
236.00000    0.53690
236.50000    0.53430
237.00000    0.53180
237.50000    0.52940
238.00000    0.52690
238.50000    0.52450
239.00000    0.52200
239.50000    0.51960
240.00000    0.51720
240.50000    0.51490
241.00000    0.51250
241.50000    0.51020
242.00000    0.50790
242.50000    0.50560
243.00000    0.50330
243.50000    0.50100
244.00000    0.49880
244.50000    0.49650
245.00000    0.49430
245.50000    0.49210
246.00000    0.48990
246.50000    0.48770
247.00000    0.48560
247.50000    0.48350
248.00000    0.48130
248.50000    0.47920
249.00000    0.47710
249.50000    0.47510
250.00000    0.47300
